{
    "camera_angle_x": 9.110665649297703,
    "frames": [
        {
            "file_path": "./train/i_0",
            "rotation": 0.0,
            "transform_matrix": [
                [
                    0.945259372469007,
                    -0.14237344688225995,
                    -0.29362309238607687,
                    -1.7930437736715974
                ],
                [
                    0.2065432126600613,
                    0.9576597035636396,
                    0.20056867520742752,
                    0.6383579834623925
                ],
                [
                    0.25263534998799975,
                    -0.25023527687611546,
                    0.9346430795459703,
                    4.389619810254486
                ],
                [
                    0.0,
                    0.0,
                    0.0,
                    1.0
                ]
            ]
        },
        {
            "file_path": "./train/i_1",
            "rotation": 0.0,
            "transform_matrix": [
                [
                    0.19522693874749536,
                    0.1809828581786806,
                    -0.9639147511231253,
                    -0.07686830137603316
                ],
                [
                    0.3133400382612285,
                    0.9198068907364004,
                    0.23616372324361692,
                    -0.20978383718347807
                ],
                [
                    0.929357015796262,
                    -0.34813860572954486,
                    0.12286190781098513,
                    -1.646465019787989
                ],
                [
                    0.0,
                    0.0,
                    0.0,
                    1.0
                ]
            ]
        },
        {
            "file_path": "./train/i_2",
            "rotation": 0.0,
            "transform_matrix": [
                [
                    0.7265167691931614,
                    -0.06996330401768917,
                    -0.6835777352811147,
                    -1.0267919306143392
                ],
                [
                    0.352056755208294,
                    0.8922161246293295,
                    0.282854075564817,
                    0.0162825331060277
                ],
                [
                    0.5901096721740261,
                    -0.446156388548173,
                    0.6728410300838636,
                    -1.1552383565343125
                ],
                [
                    0.0,
                    0.0,
                    0.0,
                    1.0
                ]
            ]
        },
        {
            "file_path": "./train/i_3",
            "rotation": 0.0,
            "transform_matrix": [
                [
                    0.6281781280302499,
                    -0.45559601253551363,
                    0.6307333135534776,
                    -0.8378402734676158
                ],
                [
                    0.23915462665418305,
                    0.8844548501886939,
                    0.40068027469241774,
                    -0.11409553288254735
                ],
                [
                    -0.7404034737994608,
                    -0.10085579477369212,
                    0.6645530864018748,
                    1.017803693164825
                ],
                [
                    0.0,
                    0.0,
                    0.0,
                    1.0
                ]
            ]
        },
        {
            "file_path": "./train/i_4",
            "rotation": 0.0,
            "transform_matrix": [
                [
                    -0.8621774026424668,
                    0.21861738650769205,
                    0.4570082763903024,
                    1.156799526064699
                ],
                [
                    0.3409695893989442,
                    0.9176036422187798,
                    0.20431175906428928,
                    -0.27361421128682595
                ],
                [
                    -0.374686356140444,
                    0.3319789061120832,
                    -0.8656790054164539,
                    0.5601035522035284
                ],
                [
                    0.0,
                    0.0,
                    0.0,
                    1.0
                ]
            ]
        },
        {
            "file_path": "./train/i_5",
            "rotation": 0.0,
            "transform_matrix": [
                [
                    -0.20141455124046218,
                    -0.17522236101550903,
                    0.9637060250661258,
                    0.15203954058288247
                ],
                [
                    0.12107395944453844,
                    0.9718706312774082,
                    0.20201131751680237,
                    0.17447387294810845
                ],
                [
                    -0.9719944829540056,
                    0.15736772305845453,
                    -0.17453402203115634,
                    1.53033101047048
                ],
                [
                    0.0,
                    0.0,
                    0.0,
                    1.0
                ]
            ]
        },
        {
            "file_path": "./train/i_6",
            "rotation": 0.0,
            "transform_matrix": [
                [
                    0.9999060204972258,
                    -0.013519471396608834,
                    0.0022746574594638483,
                    0.48282636892662734
                ],
                [
                    0.013506808101171587,
                    0.9998936892030951,
                    0.005493307450214551,
                    0.8155080975258613
                ],
                [
                    -0.0023486822517625842,
                    -0.005462067830110924,
                    0.9999823245971399,
                    -9.027769754522414
                ],
                [
                    0.0,
                    0.0,
                    0.0,
                    1.0
                ]
            ]
        },
        {
            "file_path": "./train/i_7",
            "rotation": 0.0,
            "transform_matrix": [
                [
                    0.7591262794297158,
                    -0.5010981680215373,
                    0.4154851596443062,
                    -3.318797073505785
                ],
                [
                    0.3367617327142485,
                    0.8485513301229523,
                    0.4081080439367317,
                    -2.965532253516332
                ],
                [
                    -0.5570626780340737,
                    -0.16988603872015717,
                    0.8129083014642416,
                    -8.497921704189055
                ],
                [
                    0.0,
                    0.0,
                    0.0,
                    1.0
                ]
            ]
        },
        {
            "file_path": "./train/i_8",
            "rotation": 0.0,
            "transform_matrix": [
                [
                    -0.14655960677953475,
                    -0.19874973730659273,
                    0.9690298362698577,
                    0.00288754063543341
                ],
                [
                    0.20631436885704302,
                    0.9519228603266906,
                    0.22644480384979457,
                    0.01900420062317478
                ],
                [
                    -0.9674474987634976,
                    0.23311244048315416,
                    -0.09850851348101727,
                    1.8146622944527102
                ],
                [
                    0.0,
                    0.0,
                    0.0,
                    1.0
                ]
            ]
        },
        {
            "file_path": "./train/i_9",
            "rotation": 0.0,
            "transform_matrix": [
                [
                    0.8346615275804797,
                    -0.09237412149761792,
                    -0.5429614682963818,
                    -1.288326036556023
                ],
                [
                    0.26765107213163924,
                    0.9296285297231595,
                    0.25328580756043373,
                    0.09516564707358187
                ],
                [
                    0.48135541750748373,
                    -0.35673213816854277,
                    0.8006492013571835,
                    -1.0087891780932159
                ],
                [
                    0.0,
                    0.0,
                    0.0,
                    1.0
                ]
            ]
        },
        {
            "file_path": "./train/i_10",
            "rotation": 0.0,
            "transform_matrix": [
                [
                    -0.604872553844483,
                    0.2543763416027309,
                    -0.7546004707382993,
                    1.0075322861012075
                ],
                [
                    0.31432136859257503,
                    0.9469311026435924,
                    0.06725744637049684,
                    -0.1755777147952908
                ],
                [
                    0.731663358964861,
                    -0.19650486935188333,
                    -0.6527285542009446,
                    -1.1031535063220719
                ],
                [
                    0.0,
                    0.0,
                    0.0,
                    1.0
                ]
            ]
        },
        {
            "file_path": "./train/i_11",
            "rotation": 0.0,
            "transform_matrix": [
                [
                    0.9242558224015267,
                    -0.3087516180540888,
                    0.22455202761466822,
                    -1.4588173899380974
                ],
                [
                    0.2353326757439853,
                    0.9239009753154287,
                    0.3017043578378945,
                    0.0821820413978644
                ],
                [
                    -0.3006155459786692,
                    -0.22600757987329073,
                    0.9265802001746879,
                    0.26602330854723294
                ],
                [
                    0.0,
                    0.0,
                    0.0,
                    1.0
                ]
            ]
        },
        {
            "file_path": "./train/i_12",
            "rotation": 0.0,
            "transform_matrix": [
                [
                    0.9947862601844006,
                    -0.10111708123145878,
                    0.013252638664219362,
                    0.09217580949623073
                ],
                [
                    0.10056925500889802,
                    0.9942427709136593,
                    0.036974821607197374,
                    -0.1942567987587971
                ],
                [
                    -0.016915126227404563,
                    -0.035449236510246625,
                    0.9992283173206972,
                    -3.374394976776961
                ],
                [
                    0.0,
                    0.0,
                    0.0,
                    1.0
                ]
            ]
        },
        {
            "file_path": "./train/i_13",
            "rotation": 0.0,
            "transform_matrix": [
                [
                    0.1333741697761467,
                    -0.2872978637919697,
                    0.9485100254067391,
                    -0.42776523133343647
                ],
                [
                    0.12481952397918807,
                    0.954309282742236,
                    0.2715030005462332,
                    0.2373552534645208
                ],
                [
                    -0.9831741540897687,
                    0.08218108257117003,
                    0.16314059089416666,
                    1.4792758043855052
                ],
                [
                    0.0,
                    0.0,
                    0.0,
                    1.0
                ]
            ]
        },
        {
            "file_path": "./train/i_14",
            "rotation": 0.0,
            "transform_matrix": [
                [
                    0.7516109772541055,
                    -0.5127507798828098,
                    0.4149308094136867,
                    -1.037842869912115
                ],
                [
                    0.3537793681290103,
                    0.8442958071541914,
                    0.4024981350367857,
                    -0.27127787472794
                ],
                [
                    -0.5567055752885601,
                    -0.15572805704632034,
                    0.815982643621303,
                    0.6654713641738098
                ],
                [
                    0.0,
                    0.0,
                    0.0,
                    1.0
                ]
            ]
        },
        {
            "file_path": "./train/i_15",
            "rotation": 0.0,
            "transform_matrix": [
                [
                    0.9380208367332176,
                    -0.3313614496610789,
                    0.10157017048731104,
                    -1.64033877375743
                ],
                [
                    0.30099421317352626,
                    0.9241595685314277,
                    0.2352266471466501,
                    0.20155556541902755
                ],
                [
                    -0.17181208773064682,
                    -0.190075462830721,
                    0.9666188105656353,
                    0.04982813494137316
                ],
                [
                    0.0,
                    0.0,
                    0.0,
                    1.0
                ]
            ]
        },
        {
            "file_path": "./train/i_16",
            "rotation": 0.0,
            "transform_matrix": [
                [
                    0.923584745300789,
                    -0.3779543993665563,
                    -0.06435596512476842,
                    -1.514831128294386
                ],
                [
                    0.37780774851193366,
                    0.8686621802888739,
                    0.32044862567987586,
                    -0.3169150576039511
                ],
                [
                    -0.06521137486680031,
                    -0.32027564461763836,
                    0.9450772391993882,
                    -0.009830167661135088
                ],
                [
                    0.0,
                    0.0,
                    0.0,
                    1.0
                ]
            ]
        },
        {
            "file_path": "./train/i_17",
            "rotation": 0.0,
            "transform_matrix": [
                [
                    -0.8457842571739634,
                    0.29422906926771986,
                    -0.4450598219504169,
                    1.3620452568011852
                ],
                [
                    0.29613936450156303,
                    0.9527843731780926,
                    0.06710748855559706,
                    -0.20232766122950913
                ],
                [
                    0.44379101738238924,
                    -0.07504127547876982,
                    -0.8929828329062226,
                    -0.6528336882510194
                ],
                [
                    0.0,
                    0.0,
                    0.0,
                    1.0
                ]
            ]
        },
        {
            "file_path": "./train/i_18",
            "rotation": 0.0,
            "transform_matrix": [
                [
                    0.9821645679740949,
                    -0.07920427326914095,
                    -0.17052696124709008,
                    -0.4050278731358472
                ],
                [
                    0.10571080115447445,
                    0.9826422701089494,
                    0.15244472937563205,
                    1.0862003764511898
                ],
                [
                    0.15549272631071367,
                    -0.16775235345901346,
                    0.9734891678767791,
                    -1.480909031528427
                ],
                [
                    0.0,
                    0.0,
                    0.0,
                    1.0
                ]
            ]
        },
        {
            "file_path": "./train/i_19",
            "rotation": 0.0,
            "transform_matrix": [
                [
                    0.8618020293644149,
                    -0.36605916616182693,
                    -0.35113807690463067,
                    -1.1054766028948269
                ],
                [
                    0.4480474475234004,
                    0.873883411859791,
                    0.18862997440506712,
                    -0.470360449657426
                ],
                [
                    0.2378040095354579,
                    -0.3198882138266398,
                    0.9171263728100185,
                    -0.32717406009629985
                ],
                [
                    0.0,
                    0.0,
                    0.0,
                    1.0
                ]
            ]
        },
        {
            "file_path": "./train/i_20",
            "rotation": 0.0,
            "transform_matrix": [
                [
                    -0.2908917379028038,
                    -0.23812539168167318,
                    0.9266489597772904,
                    0.12081131048504032
                ],
                [
                    0.08308710903809995,
                    0.9585857636024587,
                    0.2724148786876031,
                    0.4721753145412065
                ],
                [
                    -0.9531414003869395,
                    0.15623582065307584,
                    -0.259059528319811,
                    1.59846867746793
                ],
                [
                    0.0,
                    0.0,
                    0.0,
                    1.0
                ]
            ]
        },
        {
            "file_path": "./train/i_21",
            "rotation": 0.0,
            "transform_matrix": [
                [
                    0.9244961571535243,
                    -0.35822951738853276,
                    0.1303014515649916,
                    -1.06640323475597
                ],
                [
                    0.34400377553044115,
                    0.9313113093738508,
                    0.11966890762919513,
                    -0.3823193069673347
                ],
                [
                    -0.16422015049672584,
                    -0.06580925393849686,
                    0.984226033117846,
                    0.24270284294830427
                ],
                [
                    0.0,
                    0.0,
                    0.0,
                    1.0
                ]
            ]
        },
        {
            "file_path": "./train/i_22",
            "rotation": 0.0,
            "transform_matrix": [
                [
                    -0.9679612822955993,
                    0.2506963877829292,
                    -0.014222416434926149,
                    1.4988350378099884
                ],
                [
                    0.25040990027257687,
                    0.9679481735618348,
                    0.019266944329230637,
                    -0.01012738681527831
                ],
                [
                    0.018596715358776,
                    0.01508822225773458,
                    -0.9997132127400162,
                    0.009368474778712773
                ],
                [
                    0.0,
                    0.0,
                    0.0,
                    1.0
                ]
            ]
        },
        {
            "file_path": "./train/i_23",
            "rotation": 0.0,
            "transform_matrix": [
                [
                    0.16977855532594704,
                    -0.4249893431674825,
                    0.8891340170893838,
                    -0.5270486280410462
                ],
                [
                    0.11321328388277006,
                    0.9046702085184779,
                    0.41079747585837334,
                    0.15391437034189848
                ],
                [
                    -0.9789576060810363,
                    0.030917179903787544,
                    0.20170804020386265,
                    1.7231035759279076
                ],
                [
                    0.0,
                    0.0,
                    0.0,
                    1.0
                ]
            ]
        },
        {
            "file_path": "./train/i_24",
            "rotation": 0.0,
            "transform_matrix": [
                [
                    -0.5275369082134118,
                    -0.056923083338849066,
                    0.8476228955472069,
                    0.6832759799996085
                ],
                [
                    0.13594712538321335,
                    0.9792378554758154,
                    0.15037154485861673,
                    -0.04430349495770161
                ],
                [
                    -0.8385840384676266,
                    0.19455843591662728,
                    -0.5088455811353784,
                    1.1567644544010753
                ],
                [
                    0.0,
                    0.0,
                    0.0,
                    1.0
                ]
            ]
        },
        {
            "file_path": "./train/i_25",
            "rotation": 0.0,
            "transform_matrix": [
                [
                    -0.7287297285687887,
                    0.13380429577581396,
                    -0.6716021092373045,
                    -0.10298596274108979
                ],
                [
                    0.23924666903063094,
                    0.9686714970976539,
                    -0.06660752261070915,
                    -0.9393642111370043
                ],
                [
                    0.6416494479525452,
                    -0.20921744942171336,
                    -0.7379119492186493,
                    0.7890862814217693
                ],
                [
                    0.0,
                    0.0,
                    0.0,
                    1.0
                ]
            ]
        },
        {
            "file_path": "./train/i_26",
            "rotation": 0.0,
            "transform_matrix": [
                [
                    0.08434426805254491,
                    -0.20024484408847665,
                    0.9761086245201712,
                    -0.05602437306829316
                ],
                [
                    0.32553250485990237,
                    0.9313853927614779,
                    0.16294121157701166,
                    -0.31067091122277346
                ],
                [
                    -0.9417614521344128,
                    0.30401192832934754,
                    0.14374322490870076,
                    1.080413426416278
                ],
                [
                    0.0,
                    0.0,
                    0.0,
                    1.0
                ]
            ]
        },
        {
            "file_path": "./train/i_27",
            "rotation": 0.0,
            "transform_matrix": [
                [
                    -0.9417625887836355,
                    0.16016184577728357,
                    0.29568802736119965,
                    1.4515185619230204
                ],
                [
                    0.21665242430782372,
                    0.9614657396377226,
                    0.16924939747139417,
                    0.04969672118158692
                ],
                [
                    -0.25718661203314336,
                    0.22345427867933254,
                    -0.940171916157259,
                    0.47681902335114973
                ],
                [
                    0.0,
                    0.0,
                    0.0,
                    1.0
                ]
            ]
        },
        {
            "file_path": "./train/i_28",
            "rotation": 0.0,
            "transform_matrix": [
                [
                    0.8952049419488198,
                    -0.4444444507486798,
                    0.03282136665516208,
                    0.07802864146146889
                ],
                [
                    0.41027859319509463,
                    0.8506618097834315,
                    0.3287034550196127,
                    -0.18320258513566381
                ],
                [
                    -0.17401030968383202,
                    -0.28079105323118847,
                    0.9438627000517904,
                    -1.321350970817978
                ],
                [
                    0.0,
                    0.0,
                    0.0,
                    1.0
                ]
            ]
        },
        {
            "file_path": "./train/i_29",
            "rotation": 0.0,
            "transform_matrix": [
                [
                    -0.23396241045988556,
                    0.2602057947925638,
                    -0.9367788078560323,
                    0.41727553924698846
                ],
                [
                    0.36510561731927543,
                    0.9165157382837713,
                    0.1633915226689058,
                    -0.0594986134747292
                ],
                [
                    0.9010879417091933,
                    -0.30379573044156377,
                    -0.3094328286910842,
                    -1.3131763021828486
                ],
                [
                    0.0,
                    0.0,
                    0.0,
                    1.0
                ]
            ]
        },
        {
            "file_path": "./train/i_30",
            "rotation": 0.0,
            "transform_matrix": [
                [
                    0.671181890107144,
                    -0.049438422526463445,
                    -0.7396422870349526,
                    -0.8913506660036933
                ],
                [
                    0.4274648373447292,
                    0.8409861098280303,
                    0.3316868642411997,
                    -0.25074461524561753
                ],
                [
                    0.6056308142969978,
                    -0.5387932863858002,
                    0.5855878339920869,
                    -1.1608046612325889
                ],
                [
                    0.0,
                    0.0,
                    0.0,
                    1.0
                ]
            ]
        },
        {
            "file_path": "./train/i_31",
            "rotation": 0.0,
            "transform_matrix": [
                [
                    0.980798511171228,
                    -0.10283689153615135,
                    -0.16570713389436162,
                    0.6011876261133261
                ],
                [
                    0.13031935544480272,
                    0.9777173460839642,
                    0.16457720608571863,
                    -0.20971447043519964
                ],
                [
                    0.1450901308868156,
                    -0.18301192558331214,
                    0.972345354806375,
                    -1.737558606496752
                ],
                [
                    0.0,
                    0.0,
                    0.0,
                    1.0
                ]
            ]
        },
        {
            "file_path": "./train/i_32",
            "rotation": 0.0,
            "transform_matrix": [
                [
                    -0.24366195473724714,
                    0.21033470807701163,
                    -0.9467777787801006,
                    0.4183277415473861
                ],
                [
                    0.35963485174873355,
                    0.9262001662751573,
                    0.11320788576568645,
                    -0.21519534579428198
                ],
                [
                    0.9007172837362951,
                    -0.31290983137323913,
                    -0.30132343454945687,
                    -1.346453474667819
                ],
                [
                    0.0,
                    0.0,
                    0.0,
                    1.0
                ]
            ]
        },
        {
            "file_path": "./train/i_33",
            "rotation": 0.0,
            "transform_matrix": [
                [
                    -0.7592559159279028,
                    0.24502182352971516,
                    -0.6029052662920209,
                    1.2955010523995674
                ],
                [
                    0.2463754970699805,
                    0.9656833258808271,
                    0.08218776404832284,
                    -0.10854458367172978
                ],
                [
                    0.6023533585628955,
                    -0.0861395385982305,
                    -0.7935681516530787,
                    -0.9816268755159928
                ],
                [
                    0.0,
                    0.0,
                    0.0,
                    1.0
                ]
            ]
        },
        {
            "file_path": "./train/i_34",
            "rotation": 0.0,
            "transform_matrix": [
                [
                    -0.5159044224090604,
                    -0.11137325064826574,
                    0.8493754328792483,
                    0.5877351013373374
                ],
                [
                    0.09054162684763817,
                    0.9788697384876585,
                    0.18334734489728943,
                    0.48512612676505185
                ],
                [
                    -0.8518478976592917,
                    0.17149353956677474,
                    -0.4949193117471808,
                    1.5429813750723715
                ],
                [
                    0.0,
                    0.0,
                    0.0,
                    1.0
                ]
            ]
        },
        {
            "file_path": "./train/i_35",
            "rotation": 0.0,
            "transform_matrix": [
                [
                    -0.6118138124597109,
                    0.3365911646297263,
                    -0.7158143940832127,
                    0.8881310175198397
                ],
                [
                    0.3490160272479297,
                    0.9269639324705493,
                    0.1375706386654009,
                    -0.10290136478046737
                ],
                [
                    0.7098391871456419,
                    -0.16566307914541098,
                    -0.6846050486232739,
                    -1.0149409726083132
                ],
                [
                    0.0,
                    0.0,
                    0.0,
                    1.0
                ]
            ]
        },
        {
            "file_path": "./train/i_36",
            "rotation": 0.0,
            "transform_matrix": [
                [
                    0.9276970485399465,
                    -0.2861397664622015,
                    -0.23979620551465716,
                    -1.3927224453089853
                ],
                [
                    0.3471863088025638,
                    0.8973785090337837,
                    0.27234808334988103,
                    -0.22360588850090615
                ],
                [
                    0.13725834441053797,
                    -0.3359104725566911,
                    0.9318392035734588,
                    -0.33594211481442826
                ],
                [
                    0.0,
                    0.0,
                    0.0,
                    1.0
                ]
            ]
        },
        {
            "file_path": "./train/i_37",
            "rotation": 0.0,
            "transform_matrix": [
                [
                    -0.9632352215850115,
                    0.23140404701861111,
                    -0.13649203244688116,
                    1.2291955309626204
                ],
                [
                    0.21050350873022286,
                    0.9657434743038766,
                    0.15174918336433293,
                    0.03732842021834306
                ],
                [
                    0.16693166479232524,
                    0.11743810651949968,
                    -0.9789494932971654,
                    -0.25940645952527885
                ],
                [
                    0.0,
                    0.0,
                    0.0,
                    1.0
                ]
            ]
        },
        {
            "file_path": "./train/i_38",
            "rotation": 0.0,
            "transform_matrix": [
                [
                    0.41936691051413766,
                    -0.021896146159015535,
                    -0.9075527274760451,
                    0.2860065381073243
                ],
                [
                    0.3575878024173039,
                    0.9228707533980747,
                    0.14297040282810924,
                    -0.4367257386199694
                ],
                [
                    0.8344233685175588,
                    -0.38448684152497614,
                    0.3948512514428164,
                    0.23255544579663842
                ],
                [
                    0.0,
                    0.0,
                    0.0,
                    1.0
                ]
            ]
        },
        {
            "file_path": "./train/i_39",
            "rotation": 0.0,
            "transform_matrix": [
                [
                    0.31718095988773176,
                    0.13645970430286386,
                    -0.9384961309383597,
                    -0.4423308030262002
                ],
                [
                    0.34180429157854114,
                    0.9066365494264652,
                    0.24734589849553487,
                    0.032820349414213815
                ],
                [
                    0.8846276419732702,
                    -0.39923541469369567,
                    0.24092533845813038,
                    -1.4905103816656688
                ],
                [
                    0.0,
                    0.0,
                    0.0,
                    1.0
                ]
            ]
        },
        {
            "file_path": "./train/i_40",
            "rotation": 0.0,
            "transform_matrix": [
                [
                    0.7946462672053907,
                    -0.16471870159254012,
                    -0.5842987757664784,
                    -1.2196283274916493
                ],
                [
                    0.37179005662625947,
                    0.8929165303399578,
                    0.2539138114390267,
                    -0.14896881332760878
                ],
                [
                    0.4799056822026389,
                    -0.4190081373807895,
                    0.7707935631531315,
                    -0.9610568154522781
                ],
                [
                    0.0,
                    0.0,
                    0.0,
                    1.0
                ]
            ]
        },
        {
            "file_path": "./train/i_41",
            "rotation": 0.0,
            "transform_matrix": [
                [
                    -0.8337324818448494,
                    0.39334875040819806,
                    -0.38751375365157803,
                    1.229987108530344
                ],
                [
                    0.37325586873931466,
                    0.9186553281556855,
                    0.12943123464924616,
                    -0.35209648919313524
                ],
                [
                    0.406903188938704,
                    -0.03673075827529385,
                    -0.9127325162543708,
                    -0.6118855195294927
                ],
                [
                    0.0,
                    0.0,
                    0.0,
                    1.0
                ]
            ]
        },
        {
            "file_path": "./train/i_42",
            "rotation": 0.0,
            "transform_matrix": [
                [
                    -0.26134493674590126,
                    -0.24288907293110032,
                    0.9341861282891917,
                    0.2899360907442921
                ],
                [
                    0.11441267192140497,
                    0.9532043085658782,
                    0.27984153843782866,
                    0.08604516562065374
                ],
                [
                    -0.958440694326511,
                    0.180017900171389,
                    -0.221325531913511,
                    1.4247687045071467
                ],
                [
                    0.0,
                    0.0,
                    0.0,
                    1.0
                ]
            ]
        },
        {
            "file_path": "./train/i_43",
            "rotation": 0.0,
            "transform_matrix": [
                [
                    -0.934743851427318,
                    0.1392950222650968,
                    0.32688045060998794,
                    1.2604829347625932
                ],
                [
                    0.18322749593031532,
                    0.9771697646410965,
                    0.10754968994083784,
                    0.2086990148269781
                ],
                [
                    -0.3044365565334241,
                    0.16042489782895347,
                    -0.9389261074241361,
                    0.3769544394050231
                ],
                [
                    0.0,
                    0.0,
                    0.0,
                    1.0
                ]
            ]
        },
        {
            "file_path": "./train/i_44",
            "rotation": 0.0,
            "transform_matrix": [
                [
                    0.9514902689627184,
                    -0.20596983504575728,
                    -0.22856660981096213,
                    0.6994201813401318
                ],
                [
                    0.256129850743806,
                    0.9418576928071238,
                    0.2174892780299695,
                    -0.14934889727129175
                ],
                [
                    0.17048098904924533,
                    -0.2654816633051427,
                    0.9489234525616521,
                    -2.2548014779495977
                ],
                [
                    0.0,
                    0.0,
                    0.0,
                    1.0
                ]
            ]
        },
        {
            "file_path": "./train/i_45",
            "rotation": 0.0,
            "transform_matrix": [
                [
                    0.9480917104504175,
                    -0.2870161596539365,
                    -0.1369081176289637,
                    -1.4020761357848974
                ],
                [
                    0.3179202758505258,
                    0.8649758432554518,
                    0.3882569880731646,
                    -0.12996303507014992
                ],
                [
                    0.006986184819065068,
                    -0.4116290984393907,
                    0.9113246833810921,
                    -0.17190348388080146
                ],
                [
