{
    "camera_angle_x": 17.68997899257198,
    "frames": [
        {
            "file_path": "./train/i_0",
            "rotation": 0.0,
            "transform_matrix": [
                [
                    0.47269592829256557,
                    0.07017659148975297,
                    -0.8784268924517904,
                    -0.6310419104025935
                ],
                [
                    0.29538120624785413,
                    0.9265392894693132,
                    0.2329697149100347,
                    -0.2627113015936538
                ],
                [
                    0.8302460492957447,
                    -0.3695946307464172,
                    0.4172425032906253,
                    -0.9428827722498172
                ],
                [
                    0.0,
                    0.0,
                    0.0,
                    1.0
                ]
            ]
        },
        {
            "file_path": "./train/i_1",
            "rotation": 0.0,
            "transform_matrix": [
                [
                    0.9984537559050319,
                    -0.054870421337174236,
                    -0.00890697375183215,
                    0.11423858803320176
                ],
                [
                    0.055534642473537094,
                    0.9916569573729616,
                    0.11632876849316495,
                    -0.13120067092405904
                ],
                [
                    0.002449653949288135,
                    -0.11664354142463666,
                    0.993170822889722,
                    -1.656603942196142
                ],
                [
                    0.0,
                    0.0,
                    0.0,
                    1.0
                ]
            ]
        },
        {
            "file_path": "./train/i_2",
            "rotation": 0.0,
            "transform_matrix": [
                [
                    0.745614825732618,
                    -0.28008999615211594,
                    0.6046553776352488,
                    -0.8701020472881236
                ],
                [
                    0.06637732581801468,
                    0.9340814074206076,
                    0.350836108358855,
                    0.12927731102281678
                ],
                [
                    -0.6630630303862265,
                    -0.22145319678578787,
                    0.7150565707469506,
                    0.8308121378234916
                ],
                [
                    0.0,
                    0.0,
                    0.0,
                    1.0
                ]
            ]
        },
        {
            "file_path": "./train/i_3",
            "rotation": 0.0,
            "transform_matrix": [
                [
                    0.6348911851555945,
                    -0.3382791766935544,
                    0.6946080777152359,
                    -0.6198854351629093
                ],
                [
                    0.14808207869815446,
                    0.9356626759187524,
                    0.32032335984282156,
                    0.0967308164569522
                ],
                [
                    -0.758277575153161,
                    -0.10051146953502962,
                    0.6441370688849939,
                    0.9343171340438738
                ],
                [
                    0.0,
                    0.0,
                    0.0,
                    1.0
                ]
            ]
        },
        {
            "file_path": "./train/i_4",
            "rotation": 0.0,
            "transform_matrix": [
                [
                    -0.14098907434176552,
                    -0.004839607404604457,
                    0.98999932278584,
                    0.345446548805288
                ],
                [
                    -0.21823190112045604,
                    0.9755422139110578,
                    -0.026310192147983226,
                    0.2905990955398585
                ],
                [
                    -0.9656588001202095,
                    -0.21975888395621626,
                    -0.13859695044521886,
                    1.0417462503495405
                ],
                [
                    0.0,
                    0.0,
                    0.0,
                    1.0
                ]
            ]
        },
        {
            "file_path": "./train/i_5",
            "rotation": 0.0,
            "transform_matrix": [
                [
                    -0.4502648343948265,
                    0.3498842513810105,
                    -0.8214880337186592,
                    0.5709216477474777
                ],
                [
                    0.2464890650989455,
                    0.9329834434444652,
                    0.2622690127429402,
                    0.03351469211710891
                ],
                [
                    0.8581985316312577,
                    -0.0843973038316883,
                    -0.5063322776713873,
                    -1.0663209034531183
                ],
                [
                    0.0,
                    0.0,
                    0.0,
                    1.0
                ]
            ]
        },
        {
            "file_path": "./train/i_6",
            "rotation": 0.0,
            "transform_matrix": [
                [
                    0.2215047769419625,
                    -0.3042789316637277,
                    0.9264717834545597,
                    -0.147596183469579
                ],
                [
                    -0.08583500530768834,
                    0.940300913133588,
                    0.3293425946092752,
                    0.22178011163916647
                ],
                [
                    -0.9713742768138963,
                    -0.15247466840666052,
                    0.18216336030760583,
                    1.0808350556241764
                ],
                [
                    0.0,
                    0.0,
                    0.0,
                    1.0
                ]
            ]
        },
        {
            "file_path": "./train/i_7",
            "rotation": 0.0,
            "transform_matrix": [
                [
                    -0.8357175743903943,
                    0.14491453722508785,
                    0.5296941690786058,
                    1.0656868687855987
                ],
                [
                    0.10839653851952383,
                    0.989107640455533,
                    -0.09958045003650676,
                    0.11255475555065828
                ],
                [
                    -0.5383552045741007,
                    -0.02580411775911723,
                    -0.8423228723088617,
                    0.5206813439034739
                ],
                [
                    0.0,
                    0.0,
                    0.0,
                    1.0
                ]
            ]
        },
        {
            "file_path": "./train/i_8",
            "rotation": 0.0,
            "transform_matrix": [
                [
                    -0.10433690510984309,
                    0.5216455001783126,
                    -0.8467583966963761,
                    0.049436572996866844
                ],
                [
                    0.4937119202553667,
                    0.7662563399158091,
                    0.4112174137078659,
                    -0.338375964309852
                ],
                [
                    0.8633437033012152,
                    -0.37514956175177033,
                    -0.3374914166132183,
                    -1.11965367037786
                ],
                [
                    0.0,
                    0.0,
                    0.0,
                    1.0
                ]
            ]
        },
        {
            "file_path": "./train/i_9",
            "rotation": 0.0,
            "transform_matrix": [
                [
                    -0.8561327386289026,
                    0.4090467502261667,
                    -0.31578076251916765,
                    1.1412753311544221
                ],
                [
                    0.44002178525849467,
                    0.8974713492128336,
                    -0.030430344066788354,
                    -0.5198081475235837
                ],
                [
                    0.27095675364474964,
                    -0.16500282867729202,
                    -0.9483440853312629,
                    -0.4533907720673168
                ],
                [
                    0.0,
                    0.0,
                    0.0,
                    1.0
                ]
            ]
        },
        {
            "file_path": "./train/i_10",
            "rotation": 0.0,
            "transform_matrix": [
                [
                    0.38350040194149443,
                    0.1424950328842412,
                    -0.9124815654653148,
                    -0.566940509010256
                ],
                [
                    0.33618433400230024,
                    0.8986999487850831,
                    0.28163539483722416,
                    -0.19302654210944545
                ],
                [
                    0.8601787809997073,
                    -0.4147692944963597,
                    0.29674719385505466,
                    -0.9382429920756991
                ],
                [
                    0.0,
                    0.0,
                    0.0,
                    1.0
                ]
            ]
        },
        {
            "file_path": "./train/i_11",
            "rotation": 0.0,
            "transform_matrix": [
                [
                    -0.9444238521789758,
                    0.2359016124485633,
                    -0.22894107687261203,
                    1.0384742233995872
                ],
                [
                    0.22237058233325918,
                    0.9713725849034683,
                    0.08358603597923313,
                    -0.16589687349104934
                ],
                [
                    0.2421051662980175,
                    0.02803088550371177,
                    -0.969845017469125,
                    -0.41619729471245864
                ],
                [
                    0.0,
                    0.0,
                    0.0,
                    1.0
                ]
            ]
        },
        {
            "file_path": "./train/i_12",
            "rotation": 0.0,
            "transform_matrix": [
                [
                    0.9960770958775733,
                    -0.08829242151265106,
                    -0.0059048599925615244,
                    0.13914922719146144
                ],
                [
                    0.088339882066704,
                    0.9882940200209838,
                    0.12438245546379863,
                    -0.16300754406620643
                ],
                [
                    -0.0051462903668785705,
                    -0.12441614965186541,
                    0.9922167794394853,
                    -1.956039124792801
                ],
                [
                    0.0,
                    0.0,
                    0.0,
                    1.0
                ]
            ]
        },
        {
            "file_path": "./train/i_13",
            "rotation": 0.0,
            "transform_matrix": [
                [
                    0.988599451431819,
                    -0.09248633278107735,
                    -0.11881667760636148,
                    1.2605725623484134
                ],
                [
                    0.11942036705138818,
                    0.9622363226657278,
                    0.24462222972585548,
                    -0.829556281833749
                ],
                [
                    0.09170550998723,
                    -0.2560225333665873,
                    0.9623110525430624,
                    -8.078258903955382
                ],
                [
                    0.0,
                    0.0,
                    0.0,
                    1.0
                ]
            ]
        },
        {
            "file_path": "./train/i_14",
            "rotation": 0.0,
            "transform_matrix": [
                [
                    0.9843115492079554,
                    -0.13410286256517864,
                    -0.11466122425501701,
                    0.2981334777154887
                ],
                [
                    0.15948625615186815,
                    0.9541969905272848,
                    0.253124944182381,
                    -0.3741359713373152
                ],
                [
                    0.07546461551280301,
                    -0.2674406953335592,
                    0.9606146814852493,
                    -1.6179440596250543
                ],
                [
                    0.0,
                    0.0,
                    0.0,
                    1.0
                ]
            ]
        },
        {
            "file_path": "./train/i_15",
            "rotation": 0.0,
            "transform_matrix": [
                [
                    -0.9533505935057305,
                    0.147189164398665,
                    0.26354884887985014,
                    1.1103159873471422
                ],
                [
                    0.16804052229441604,
                    0.9840559073455456,
                    0.058278247102628696,
                    -0.14295706643001693
                ],
                [
                    -0.2507688751206808,
                    0.09984648767962714,
                    -0.9628840273723259,
                    0.15771101950924118
                ],
                [
                    0.0,
                    0.0,
                    0.0,
                    1.0
                ]
            ]
        },
        {
            "file_path": "./train/i_16",
            "rotation": 0.0,
            "transform_matrix": [
                [
                    -0.45883040790861407,
                    -0.1724902408990063,
                    0.8716202003011506,
                    0.6145593728820999
                ],
                [
                    -0.005841705906215262,
                    0.9815399872301416,
                    0.19116780047999488,
                    0.17403051105232784
                ],
                [
                    -0.8885046602300524,
                    0.08262185100115292,
                    -0.45136802997844516,
                    0.902944792509405
                ],
                [
                    0.0,
                    0.0,
                    0.0,
                    1.0
                ]
            ]
        },
        {
            "file_path": "./train/i_17",
            "rotation": 0.0,
            "transform_matrix": [
                [
                    0.5281944721086216,
                    0.09665705732952767,
                    -0.8436041802304511,
                    -0.698786517585695
                ],
                [
                    0.36999629988250493,
                    0.868023680909373,
                    0.33111573120858895,
                    -0.2007959401538135
                ],
                [
                    0.7642730779683076,
                    -0.4870239241032612,
                    0.42272255634625183,
                    -0.9039307445387642
                ],
                [
                    0.0,
                    0.0,
                    0.0,
                    1.0
                ]
            ]
        },
        {
            "file_path": "./train/i_18",
            "rotation": 0.0,
            "transform_matrix": [
                [
                    0.46394376230455675,
                    0.14017644563387538,
                    -0.8747038067301106,
                    -0.5923352261974377
                ],
                [
                    0.48967549158750684,
                    0.7822575513946424,
                    0.3850857517808101,
                    -0.3752295893122918
                ],
                [
                    0.7382236099971516,
                    -0.606979149045098,
                    0.2942825415604227,
                    -0.8347959779267107
                ],
                [
                    0.0,
                    0.0,
                    0.0,
                    1.0
                ]
            ]
        },
        {
            "file_path": "./train/i_19",
            "rotation": 0.0,
            "transform_matrix": [
                [
                    0.6600811807763534,
                    -0.2886602786367399,
                    0.6935186214675533,
                    -0.6741248859097579
                ],
                [
                    0.03881413952821984,
                    0.9350941583462489,
                    0.35226748018998955,
                    0.11141522256782745
                ],
                [
                    -0.7501908406249563,
                    -0.20560680573385856,
                    0.6284421565095238,
                    0.8882612699840194
                ],
                [
                    0.0,
                    0.0,
                    0.0,
                    1.0
                ]
            ]
        },
        {
            "file_path": "./train/i_20",
            "rotation": 0.0,
            "transform_matrix": [
                [
                    0.9427264758693699,
                    -0.26395581947192065,
                    0.20394635829507912,
                    -1.0661442353991621
                ],
                [
                    0.1987837802843711,
                    0.9355453666262815,
                    0.2919586883104387,
                    -0.10353217073267938
                ],
                [
                    -0.2678652653681932,
                    -0.234695957253217,
                    0.9344335221181995,
                    0.3923832519993551
                ],
                [
                    0.0,
                    0.0,
                    0.0,
                    1.0
                ]
            ]
        },
        {
            "file_path": "./train/i_21",
            "rotation": 0.0,
            "transform_matrix": [
                [
                    -0.6661354711877965,
                    0.11765732598817105,
                    -0.7364918788871511,
                    0.5648271787479675
                ],
                [
                    0.27208857436556677,
                    0.9577588099115957,
                    -0.09309065332479546,
                    -0.4078020709293095
                ],
                [
                    0.6944287880878247,
                    -0.26240201157391485,
                    -0.6700103302165106,
                    -0.7839825806878818
                ],
                [
                    0.0,
                    0.0,
                    0.0,
                    1.0
                ]
            ]
        },
        {
            "file_path": "./train/i_22",
            "rotation": 0.0,
            "transform_matrix": [
                [
                    -0.7217070857505391,
                    0.12704409378394824,
                    0.6804400639380956,
                    0.9433547535556649
                ],
                [
                    0.007441903234173593,
                    0.9843800700038591,
                    -0.1758991070342617,
                    0.02609501329640897
                ],
                [
                    -0.6921585804233868,
                    -0.12188386281133713,
                    -0.7113795214458088,
                    0.6026006539399872
                ],
                [
                    0.0,
                    0.0,
                    0.0,
                    1.0
                ]
            ]
        },
        {
            "file_path": "./train/i_23",
            "rotation": 0.0,
            "transform_matrix": [
                [
                    0.8674455350951294,
                    -0.022311926422259605,
                    -0.49703161024511594,
                    -0.5482550104153174
                ],
                [
                    0.33084552359260194,
                    0.771983839753231,
                    0.5427542636208346,
                    0.2762940394548006
                ],
                [
                    0.3715904777604806,
                    -0.6352504459653571,
                    0.6770357359390659,
                    0.6196554571224251
                ],
                [
                    0.0,
                    0.0,
                    0.0,
                    1.0
                ]
            ]
        },
        {
            "file_path": "./train/i_24",
            "rotation": 0.0,
            "transform_matrix": [
                [
                    0.980992157924215,
                    -0.16091565438641256,
                    -0.10844601543894662,
                    0.5017035177987949
                ],
                [
                    0.18435521086097317,
                    0.9472807743954934,
                    0.2620539843030069,
                    -0.36803074723131385
                ],
                [
                    0.060560237116425976,
                    -0.2770654915973246,
                    0.9589406504295952,
                    -2.360508499711346
                ],
                [
                    0.0,
                    0.0,
                    0.0,
                    1.0
                ]
            ]
        },
        {
            "file_path": "./train/i_25",
            "rotation": 0.0,
            "transform_matrix": [
                [
                    0.9854531935560911,
                    -0.1698446129873068,
                    0.005900063499054125,
                    0.675190169468548
                ],
                [
                    0.1549836444702033,
                    0.912389013752677,
                    0.3788487264465212,
                    0.67189463374708
                ],
                [
                    -0.06972856844102358,
                    -0.37242327400769326,
                    0.9254398044824721,
                    -0.26283657114855197
                ],
                [
                    0.0,
                    0.0,
                    0.0,
                    1.0
                ]
            ]
        },
        {
            "file_path": "./train/i_26",
            "rotation": 0.0,
            "transform_matrix": [
                [
                    0.9552320304162365,
                    -0.24638673370530617,
                    0.16378444834875336,
                    -1.1116826795386923
                ],
                [
                    0.14856413843298674,
                    0.8781975514184698,
                    0.4546402505875044,
                    0.12275893855959774
                ],
                [
                    -0.2558524278535163,
                    -0.4099544342199936,
                    0.8754866629622785,
                    0.2937395821257927
                ],
                [
                    0.0,
                    0.0,
                    0.0,
                    1.0
                ]
            ]
        },
        {
            "file_path": "./train/i_27",
            "rotation": 0.0,
            "transform_matrix": [
                [
                    -0.9500667954152816,
                    0.31186668302073894,
                    0.0105951059919127,
                    1.0701557929268275
                ],
                [
                    0.3079078699848905,
                    0.9424369692562146,
                    -0.13040438098671547,
                    -0.21967523765032265
                ],
                [
                    -0.050654001329666826,
                    -0.12063055583392826,
                    -0.9914042773503102,
                    -0.1624254118949427
                ],
                [
                    0.0,
                    0.0,
                    0.0,
                    1.0
                ]
            ]
        },
        {
            "file_path": "./train/i_28",
            "rotation": 0.0,
            "transform_matrix": [
                [
                    -0.9025410748789825,
                    0.011491613662421171,
                    0.43045040477588664,
                    1.0764949149414267
                ],
                [
                    0.05270685193454397,
                    0.9950753069259713,
                    0.08394713399118697,
                    0.12317667782822714
                ],
                [
                    -0.42736588061688024,
                    0.09845342229510325,
                    -0.8987020238782933,
                    0.3387407954741632
                ],
                [
                    0.0,
                    0.0,
                    0.0,
                    1.0
                ]
            ]
        },
        {
            "file_path": "./train/i_29",
            "rotation": 0.0,
            "transform_matrix": [
                [
                    -0.585940249594505,
                    0.30638450875039264,
                    -0.7502016773527698,
                    0.7625113300843626
                ],
                [
                    0.27443434608440587,
                    0.9460907445172263,
                    0.17204096264571714,
                    -0.10056575303080688
                ],
                [
                    0.762469549289907,
                    -0.10507538216262131,
                    -0.6384350792907808,
                    -1.0252358687834238
                ],
                [
                    0.0,
                    0.0,
                    0.0,
                    1.0
                ]
            ]
        },
        {
            "file_path": "./train/i_30",
            "rotation": 0.0,
            "transform_matrix": [
                [
                    -0.9223458986520594,
                    0.09197692614835212,
                    0.3752576292309396,
                    1.1133110047980035
                ],
                [
                    0.15121471609878703,
                    0.9797097543523152,
                    0.1315405141471237,
                    0.08471944898380411
                ],
                [
                    -0.35554486759744997,
                    0.1780703295982433,
                    -0.9175395385714368,
                    0.31206379327733175
                ],
                [
                    0.0,
                    0.0,
                    0.0,
                    1.0
                ]
            ]
        },
        {
            "file_path": "./train/i_31",
            "rotation": 0.0,
            "transform_matrix": [
                [
                    -0.9047966801760838,
                    0.27972026400085986,
                    -0.3210911731107327,
                    0.9011674715687359
                ],
                [
                    0.2489820000282078,
                    0.9591928008269197,
                    0.13400423315613133,
                    -0.22344236384915284
                ],
                [
                    0.34547204113255026,
                    0.04130066281669621,
                    -0.937519772616349,
                    -0.5558968351733905
                ],
                [
                    0.0,
                    0.0,
                    0.0,
                    1.0
                ]
            ]
        },
        {
            "file_path": "./train/i_32",
            "rotation": 0.0,
            "transform_matrix": [
                [
                    0.9861329794417235,
                    0.04118190508904846,
                    0.1607662823810573,
                    -1.1178737602179452
                ],
                [
                    -0.11009271487503136,
                    0.8872112181453737,
                    0.4480355438226378,
                    0.23705839472901913
                ],
                [
                    -0.12418269198577588,
                    -0.4595218222133074,
                    0.8794420696787972,
                    0.23759899185122121
                ],
                [
                    0.0,
                    0.0,
                    0.0,
                    1.0
                ]
            ]
        },
        {
            "file_path": "./train/i_33",
            "rotation": 0.0,
            "transform_matrix": [
                [
                    0.9896571712479065,
                    0.10924200016551423,
                    -0.09297778658061147,
                    -1.1798608156283936
                ],
                [
                    -0.022987990927927887,
                    0.7605359601266461,
                    0.6488887467257684,
                    0.19024894404046838
                ],
                [
                    0.14159885476475373,
                    -0.640040029024809,
                    0.7551811210399997,
                    -0.12799891108168415
                ],
                [
                    0.0,
                    0.0,
                    0.0,
                    1.0
                ]
            ]
        },
        {
            "file_path": "./train/i_34",
            "rotation": 0.0,
            "transform_matrix": [
                [
                    0.7293717491648063,
                    -0.3025076167679352,
                    0.6136008420118535,
                    -0.7861782809566312
                ],
                [
                    0.005596968701836861,
                    0.8995316851248055,
                    0.43681966690829965,
                    0.14443806179376717
                ],
                [
                    -0.6840946758027145,
                    -0.3151696198143336,
                    0.6577861242717629,
                    0.8263546859572749
                ],
                [
                    0.0,
                    0.0,
                    0.0,
                    1.0
                ]
            ]
        },
        {
            "file_path": "./train/i_35",
            "rotation": 0.0,
            "transform_matrix": [
                [
                    0.5534282130773253,
                    0.08111273485268741,
                    -0.8289378367614522,
                    -0.7149822106830156
                ],
                [
                    0.2414005450760439,
                    0.936907181976208,
                    0.25284522775482604,
                    -0.017522873527206637
                ],
                [
                    0.797146780591271,
                    -0.34003772820985373,
                    0.4989302091343574,
                    -0.9218547030835739
                ],
                [
                    0.0,
                    0.0,
                    0.0,
                    1.0
                ]
            ]
        },
        {
            "file_path": "./train/i_36",
            "rotation": 0.0,
            "transform_matrix": [
                [
                    -0.6161242456146759,
                    -0.07528825614882369,
                    0.7840424685256631,
                    0.7924467804625114
                ],
                [
                    0.10054898764527985,
                    0.9797589000929914,
                    0.17309650132825166,
                    0.07978899584699407
                ],
                [
                    -0.7812047203193644,
                    0.18548362778057054,
                    -0.5960830552667161,
                    0.9179884900361633
                ],
                [
                    0.0,
                    0.0,
                    0.0,
                    1.0
                ]
            ]
        },
        {
            "file_path": "./train/i_37",
            "rotation": 0.0,
            "transform_matrix": [
                [
                    -0.3672504929309854,
                    -0.14026581663910062,
                    0.9194849515486997,
                    0.5522564033562508
                ],
                [
                    -0.03689614741927449,
                    0.9899825727227028,
                    0.13628345464858607,
                    0.43844711700218936
                ],
                [
                    -0.9293899879746732,
                    0.01612471357588509,
                    -0.36874685607409813,
                    0.9681280872046472
                ],
                [
                    0.0,
                    0.0,
                    0.0,
                    1.0
                ]
            ]
        },
        {
            "file_path": "./train/i_38",
            "rotation": 0.0,
            "transform_matrix": [
                [
                    -0.6755809720131454,
                    0.4038324760531845,
                    -0.6168546680852212,
                    0.7241076613767599
                ],
                [
                    0.4963552960383274,
                    0.8677739527166888,
                    0.024490550854527827,
                    -0.3082281017136985
                ],
                [
                    0.5451804933675432,
                    -0.2896337312386247,
                    -0.786695958665299,
                    -0.8150406832401014
                ],
                [
                    0.0,
                    0.0,
                    0.0,
                    1.0
                ]
            ]
        },
        {
            "file_path": "./train/i_39",
            "rotation": 0.0,
            "transform_matrix": [
                [
                    -0.9639112661256357,
                    0.17027379580869892,
                    -0.20465069141581607,
                    1.1118390419674162
                ],
                [
                    0.1701520251677687,
                    0.9852474095065686,
                    0.018325675755701248,
                    -0.07896695529783078
                ],
                [
                    0.204751945942843,
                    -0.017157404276099023,
                    -0.9786635091343324,
                    -0.35875685185179984
                ],
                [
                    0.0,
                    0.0,
                    0.0,
                    1.0
                ]
            ]
        },
        {
            "file_path": "./train/i_40",
            "rotation": 0.0,
            "transform_matrix": [
                [
                    -0.11585985247584867,
                    0.24433463197922867,
                    -0.9627445570865871,
                    0.05083170500380593
                ],
                [
                    0.2957455170208256,
                    0.9337954668254284,
                    0.20139666158694097,
                    -0.08948292397168849
                ],
                [
                    0.9482146823090009,
                    -0.26139359929396705,
                    -0.18045027708980055,
                    -1.1688233572834474
                ],
                [
                    0.0,
                    0.0,
                    0.0,
                    1.0
                ]
            ]
        },
        {
            "file_path": "./train/i_41",
            "rotation": 0.0,
            "transform_matrix": [
                [
                    -0.6795148530572457,
                    -0.051030673674302245,
                    0.7318848507920741,
                    0.8578738301662798
                ],
                [
                    0.09692059443845256,
                    0.9825910761184091,
                    0.15849661039329438,
                    0.2047017023018511
                ],
                [
                    -0.727231711938009,
                    0.17863551572073705,
                    -0.662739307476853,
                    0.8251122296604098
                ],
                [
                    0.0,
                    0.0,
                    0.0,
                    1.0
                ]
            ]
        },
        {
            "file_path": "./train/i_42",
            "rotation": 0.0,
            "transform_matrix": [
                [
                    0.44843767492255593,
                    -0.059432273906975384,
                    0.8918360031576987,
                    -2.7805319718339527
                ],
                [
                    -0.352175020917031,
                    0.9053218201124901,
                    0.23741347196462428,
                    -0.7132499412668145
                ],
                [
                    -0.8215086161155822,
                    -0.4205475084297316,
                    0.38504984976156637,
                    -1.683565493449411
                ],
                [
                    0.0,
                    0.0,
                    0.0,
                    1.0
                ]
            ]
        },
        {
            "file_path": "./train/i_43",
            "rotation": 0.0,
            "transform_matrix": [
                [
                    -0.1993760616790686,
                    -0.1676179305269907,
                    0.9654809244077239,
                    0.304728260688516
                ],
                [
                    0.053722736187420427,
                    0.9819105274367067,
                    0.18156426885680224,
                    0.032475404322009405
                ],
                [
                    -0.9784493107186907,
                    0.0880678458622518,
                    -0.18676456001956393,
                    0.9797717090335769
                ],
                [
                    0.0,
                    0.0,
                    0.0,
                    1.0
                ]
            ]
        },
        {
            "file_path": "./train/i_44",
            "rotation": 0.0,
            "transform_matrix": [
                [
                    -0.08646433783132818,
                    0.2034376778753133,
                    -0.9752625438845125,
                    -0.03207726567947596
                ],
                [
                    0.4103741677735464,
                    0.8992937142788597,
                    0.1512079954324561,
                    -0.34670141842277236
                ],
                [
                    0.9078088789539122,
                    -0.3871484556074484,
                    -0.16124240327286243,
                    -1.0443003787014544
                ],
                [
                    0.0,
                    0.0,
                    0.0,
                    1.0
                ]
            ]
        },
        {
            "file_path": "./train/i_45",
            "rotation": 0.0,
            "transform_matrix": [
                [
                    -0.5210617050260823,
                    0.4786334607307314,
                    -0.7066857221029977,
                    0.46739672955449635
                ],
                [
                    0.5258564670624526,
                    0.8321857072407607,
                    0.17590316856950128,
                    -0.5673529651721186
                ],
                [
                    0.6722868997711515,
                    -0.2799588522142455,
                    -0.6853126041909451,
                    -0.6899435594193077
                ],
                [
