{
    "camera_angle_x": 17.68997899257198,
    "frames": [
        {
            "file_path": "./train/i_0",
            "rotation": 0.0,
            "transform_matrix": [
                [
                    -0.18653296230130598,
                    -0.4415194456148258,
                    -0.877648012086323,
                    3.153082085428637
                ],
                [
                    0.49025718953398306,
                    -0.8159830959908437,
                    0.30629964931000375,
                    2.138009420219853
                ],
                [
                    -0.8513831934477789,
                    -0.37313826686787904,
                    0.36866582661469166,
                    -3.9525250810986434
                ],
                [
                    0.0,
                    0.0,
                    0.0,
                    1.0
                ]
            ]
        },
        {
            "file_path": "./train/i_1",
            "rotation": 0.0,
            "transform_matrix": [
                [
                    0.7953187419051426,
                    0.3264360560246774,
                    0.5107911511581533,
                    4.267048462800696
                ],
                [
                    -0.05048050205263152,
                    0.8753617947045939,
                    -0.48082579723228086,
                    2.7467139793616067
                ],
                [
                    -0.6040859356804553,
                    0.35662477437581214,
                    0.712670297272498,
                    0.9644018359859403
                ],
                [
                    0.0,
                    0.0,
                    0.0,
                    1.0
                ]
            ]
        },
        {
            "file_path": "./train/i_2",
            "rotation": 0.0,
            "transform_matrix": [
                [
                    0.32160919873025845,
                    -0.1520060775618285,
                    0.9345917160323772,
                    0.5751949806196379
                ],
                [
                    -0.7722111839407484,
                    0.5290909782159673,
                    0.35178491179596794,
                    -2.8316702063716837
                ],
                [
                    -0.5479574898556506,
                    -0.8348394391466724,
                    0.052779732439237864,
                    -9.544646028511163
                ],
                [
                    0.0,
                    0.0,
                    0.0,
                    1.0
                ]
            ]
        },
        {
            "file_path": "./train/i_3",
            "rotation": 0.0,
            "transform_matrix": [
                [
                    0.9948977450212056,
                    -0.02218173348811483,
                    0.09841975234261942,
                    -1.7387170754718855
                ],
                [
                    0.054865499022741675,
                    -0.699707757636874,
                    -0.7123193321255283,
                    8.996273999402264
                ],
                [
                    0.08466554180247018,
                    0.7140847460926725,
                    -0.6949206583697557,
                    7.072856347257626
                ],
                [
                    0.0,
                    0.0,
                    0.0,
                    1.0
                ]
            ]
        },
        {
            "file_path": "./train/i_4",
            "rotation": 0.0,
            "transform_matrix": [
                [
                    0.8081934299661506,
                    -0.19564217211189303,
                    -0.5554705394986201,
                    3.6039468143322284
                ],
                [
                    0.13756750056836312,
                    -0.854395094527956,
                    0.5010830322750214,
                    -0.6784545698801845
                ],
                [
                    -0.5726242769451191,
                    -0.4813867083103726,
                    -0.6636024973696091,
                    3.1391200497917584
                ],
                [
                    0.0,
                    0.0,
                    0.0,
                    1.0
                ]
            ]
        },
        {
            "file_path": "./train/i_5",
            "rotation": 0.0,
            "transform_matrix": [
                [
                    -0.6610263470284686,
                    0.30133638475110874,
                    0.6871976075040794,
                    -24.88508513046512
                ],
                [
                    0.7057268331397919,
                    -0.061484899222227725,
                    0.7058110541455866,
                    25.737611477464025
                ],
                [
                    0.2549388270167457,
                    0.951533494099262,
                    -0.17201803418991019,
                    6.17287403961022
                ],
                [
                    0.0,
                    0.0,
                    0.0,
                    1.0
                ]
            ]
        },
        {
            "file_path": "./train/i_6",
            "rotation": 0.0,
            "transform_matrix": [
                [
                    -0.6288775123825174,
                    0.7704928563763592,
                    -0.10418172916863988,
                    -7.514778513086575
                ],
                [
                    -0.31077339575999263,
                    -0.37192512609661166,
                    -0.8746951452167885,
                    -2.4303430604631675
                ],
                [
                    -0.7126941636546293,
                    -0.5176991972671082,
                    0.47334402947709253,
                    -22.4021328567725
                ],
                [
                    0.0,
                    0.0,
                    0.0,
                    1.0
                ]
            ]
        },
        {
            "file_path": "./train/i_7",
            "rotation": 0.0,
            "transform_matrix": [
                [
                    0.7103008379146684,
                    -0.15070933849653964,
                    -0.6875750249592086,
                    24.87425153802555
                ],
                [
                    -0.6514710383563354,
                    -0.5106727673946768,
                    -0.5610693458248902,
                    -22.366300397487304
                ],
                [
                    -0.26656745082743005,
                    0.8464632419257104,
                    -0.4609140638209778,
                    -9.824363998814016
                ],
                [
                    0.0,
                    0.0,
                    0.0,
                    1.0
                ]
            ]
        },
        {
            "file_path": "./train/i_8",
            "rotation": 0.0,
            "transform_matrix": [
                [
                    -0.8341207775459718,
                    0.43497981089793614,
                    0.3391682363920525,
                    -15.533060069001468
                ],
                [
                    0.11160202621917703,
                    0.735274620714053,
                    -0.6685179278654901,
                    7.698878797447269
                ],
                [
                    -0.5401735982162336,
                    -0.5197728313840494,
                    -0.6618524666004743,
                    -8.715207331963343
                ],
                [
                    0.0,
                    0.0,
                    0.0,
                    1.0
                ]
            ]
        },
        {
            "file_path": "./train/i_9",
            "rotation": 0.0,
            "transform_matrix": [
                [
                    -0.19668887991558162,
                    -0.4438343780474186,
                    -0.8742565580999745,
                    2.763629710446412
                ],
                [
                    0.24602841112674914,
                    -0.8854875765933449,
                    0.39418494722310804,
                    -0.38015334464987627
                ],
                [
                    -0.9490961518392109,
                    -0.137560156157579,
                    0.28336142645374424,
                    -0.4507656211423826
                ],
                [
                    0.0,
                    0.0,
                    0.0,
                    1.0
                ]
            ]
        },
        {
            "file_path": "./train/i_10",
            "rotation": 0.0,
            "transform_matrix": [
                [
                    0.3801716260602149,
                    0.6593204526966403,
                    -0.6486648405722459,
                    11.78910909838216
                ],
                [
                    -0.1972220053511987,
                    -0.6274070487925375,
                    -0.753301981764742,
                    -2.9368089761046523
                ],
                [
                    -0.9036442969133254,
                    0.4143150199803606,
                    -0.10848985609120368,
                    -13.33621601903898
                ],
                [
                    0.0,
                    0.0,
                    0.0,
                    1.0
                ]
            ]
        },
        {
            "file_path": "./train/i_11",
            "rotation": 0.0,
            "transform_matrix": [
                [
                    -0.8205852522960759,
                    0.4898448621552641,
                    0.2944348055754839,
                    -15.221899560009966
                ],
                [
                    0.17357832614493723,
                    0.7044436304464887,
                    -0.6882076258049474,
                    9.698847318216336
                ],
                [
                    -0.5445276929660274,
                    -0.5136255275426357,
                    -0.6630825054619077,
                    -8.86694946179222
                ],
                [
                    0.0,
                    0.0,
                    0.0,
                    1.0
                ]
            ]
        },
        {
            "file_path": "./train/i_12",
            "rotation": 0.0,
            "transform_matrix": [
                [
                    -0.21760935647084664,
                    0.9641747203503358,
                    -0.15170127426519744,
                    1.299336731352484
                ],
                [
                    -0.14002191243783785,
                    -0.18465702157756272,
                    -0.9727772861345767,
                    1.367617096033076
                ],
                [
                    -0.9659399732973013,
                    -0.19044393668333115,
                    0.17518868390099193,
                    -15.648530845063318
                ],
                [
                    0.0,
                    0.0,
                    0.0,
                    1.0
                ]
            ]
        },
        {
            "file_path": "./train/i_13",
            "rotation": 0.0,
            "transform_matrix": [
                [
                    0.8659586521057266,
                    -0.16951615693817196,
                    -0.4705102393998938,
                    2.787182941477452
                ],
                [
                    0.09379064468520408,
                    -0.8690644863929313,
                    0.4857265006771997,
                    -0.9165326398258457
                ],
                [
                    -0.49124222926450956,
                    -0.4647485245027635,
                    -0.7366748815859937,
                    7.168324085174578
                ],
                [
                    0.0,
                    0.0,
                    0.0,
                    1.0
                ]
            ]
        },
        {
            "file_path": "./train/i_14",
            "rotation": 0.0,
            "transform_matrix": [
                [
                    0.6729584680334535,
                    0.6977693153680744,
                    -0.24544833027101842,
                    5.707877841609413
                ],
                [
                    0.5644788216216511,
                    -0.2700218247601164,
                    0.7800332519154851,
                    0.48704134524718923
                ],
                [
                    0.47800686212929844,
                    -0.6634803664645827,
                    -0.5755894744288867,
                    5.735451425284685
                ],
                [
                    0.0,
                    0.0,
                    0.0,
                    1.0
                ]
            ]
        },
        {
            "file_path": "./train/i_15",
            "rotation": 0.0,
            "transform_matrix": [
                [
                    0.6343281926159686,
                    0.7126282104692124,
                    -0.29964775603364924,
                    5.750010009063966
                ],
                [
                    0.5580648784050994,
                    -0.15388445205655701,
                    0.8154036834022474,
                    0.5514561792919845
                ],
                [
                    0.5349685369657345,
                    -0.6844564332802289,
                    -0.4953060219682833,
                    3.8145103233102144
                ],
                [
                    0.0,
                    0.0,
                    0.0,
                    1.0
                ]
            ]
        },
        {
            "file_path": "./train/i_16",
            "rotation": 0.0,
            "transform_matrix": [
                [
                    -0.8433970207280085,
                    0.46948801271105517,
                    0.261270877343303,
                    -32.182003071945736
                ],
                [
                    -0.4261943877668603,
                    -0.2884776071952099,
                    -0.8574024807422428,
                    -14.259757460052448
                ],
                [
                    -0.3271693892514177,
                    -0.8344828794334467,
                    0.44339431059645396,
                    -8.215496930304557
                ],
                [
                    0.0,
                    0.0,
                    0.0,
                    1.0
                ]
            ]
        },
        {
            "file_path": "./train/i_17",
            "rotation": 0.0,
            "transform_matrix": [
                [
                    0.3048977279644453,
                    -0.16635817879215448,
                    0.9377432120954389,
                    0.3225571789992754
                ],
                [
                    -0.20169777498484642,
                    0.9510127050738906,
                    0.2342922157353855,
                    4.475620996026082
                ],
                [
                    -0.9307821351144852,
                    -0.26057588364426665,
                    0.25640753852944503,
                    -9.226375161086938
                ],
                [
                    0.0,
                    0.0,
                    0.0,
                    1.0
                ]
            ]
        },
        {
            "file_path": "./train/i_18",
            "rotation": 0.0,
            "transform_matrix": [
                [
                    0.7557083639297378,
                    -0.1445944331486776,
                    -0.6387466779475651,
                    3.7982646286004837
                ],
                [
                    0.21064174972588157,
                    -0.8698324051140637,
                    0.4461184150939006,
                    -0.32294964934384174
                ],
                [
                    -0.6201087984854401,
                    -0.47168213546400695,
                    -0.6268819993627639,
                    2.9143565815314263
                ],
                [
                    0.0,
                    0.0,
                    0.0,
                    1.0
                ]
            ]
        },
        {
            "file_path": "./train/i_19",
            "rotation": 0.0,
            "transform_matrix": [
                [
                    0.9980023226444732,
                    0.03901080084686144,
                    0.04969427948489245,
                    -1.6459884604204422
                ],
                [
                    0.024551532562742607,
                    0.4852777488792912,
                    -0.8740152908796656,
                    0.18727976874276434
                ],
                [
                    -0.05821156453022524,
                    0.8734893610456476,
                    0.4833505455619208,
                    -1.45162910544247
                ],
                [
                    0.0,
                    0.0,
                    0.0,
                    1.0
                ]
            ]
        },
        {
            "file_path": "./train/i_20",
            "rotation": 0.0,
            "transform_matrix": [
                [
                    -0.17872211993750634,
                    -0.05826638380092702,
                    -0.9821728118634748,
                    -1.7717907465511673
                ],
                [
                    -0.5319251907019797,
                    -0.8340623656186166,
                    0.14627221798869433,
                    -11.393086151542699
                ],
                [
                    -0.8277161321018832,
                    0.5485845411396784,
                    0.11807203682863288,
                    -0.9958574789549297
                ],
                [
                    0.0,
                    0.0,
                    0.0,
                    1.0
                ]
            ]
        },
        {
            "file_path": "./train/i_21",
            "rotation": 0.0,
            "transform_matrix": [
                [
                    0.2270083872158851,
                    -0.012351049455292503,
                    -0.9738144811569579,
                    0.6504911719925393
                ],
                [
                    0.00826475206045268,
                    0.9999080036014304,
                    -0.010755380382923159,
                    0.03883872514121989
                ],
                [
                    0.9738577339668364,
                    -0.00560677368502005,
                    0.22708958162325013,
                    -0.9130197366963062
                ],
                [
                    0.0,
                    0.0,
                    0.0,
                    1.0
                ]
            ]
        },
        {
            "file_path": "./train/i_22",
            "rotation": 0.0,
            "transform_matrix": [
                [
                    0.7155155046855556,
                    -0.20366045846907996,
                    -0.6682514348736854,
                    25.423873290313587
                ],
                [
                    -0.6930807117423581,
                    -0.32691593408012576,
                    -0.6424679751203299,
                    -25.814277108702225
                ],
                [
                    -0.08761671966740732,
                    0.9228479775676324,
                    -0.3750665550726142,
                    -5.679909410827764
                ],
                [
                    0.0,
                    0.0,
                    0.0,
                    1.0
                ]
            ]
        },
        {
            "file_path": "./train/i_23",
            "rotation": 0.0,
            "transform_matrix": [
                [
                    -0.13727525665787654,
                    -0.9839403690280132,
                    -0.11409142871628813,
                    -6.591379307535407
                ],
                [
                    0.5480326583150151,
                    -0.17139153831843626,
                    0.8187094393086071,
                    0.8112162100844893
                ],
                [
                    -0.8251155733166662,
                    0.04986271943897119,
                    0.5627592734735346,
                    -1.0051203139315255
                ],
                [
                    0.0,
                    0.0,
                    0.0,
                    1.0
                ]
            ]
        },
        {
            "file_path": "./train/i_24",
            "rotation": 0.0,
            "transform_matrix": [
                [
                    0.8213952080606163,
                    -0.5177131258751057,
                    -0.2393387379253072,
                    13.856814962307332
                ],
                [
                    -0.5357557196376496,
                    -0.5564044719409084,
                    -0.6351219351271834,
                    -7.306014998188071
                ],
                [
                    0.19564181825620872,
                    0.6499132118219907,
                    -0.7343957353148357,
                    10.497540959574877
                ],
                [
                    0.0,
                    0.0,
                    0.0,
                    1.0
                ]
            ]
        },
        {
            "file_path": "./train/i_25",
            "rotation": 0.0,
            "transform_matrix": [
                [
                    0.7133754852231219,
                    -0.14963471463319103,
                    -0.684620237255166,
                    25.014037903153486
                ],
                [
                    -0.6433642886289708,
                    -0.527127745837661,
                    -0.5551745056151582,
                    -18.4337890841409
                ],
                [
                    -0.2778089436998149,
                    0.8365080942493855,
                    -0.47230964319569224,
                    1.2183442986584974
                ],
                [
                    0.0,
                    0.0,
                    0.0,
                    1.0
                ]
            ]
        },
        {
            "file_path": "./train/i_26",
            "rotation": 0.0,
            "transform_matrix": [
                [
                    0.712124846840313,
                    -0.14924058324841158,
                    -0.6860068883213463,
                    24.941785770488945
                ],
                [
                    -0.6486335794831624,
                    -0.5137282707283525,
                    -0.5615672207503816,
                    -20.769842798489638
                ],
                [
                    -0.26861251288708826,
                    0.8448730745893832,
                    -0.462641119826538,
                    -5.12584906506682
                ],
                [
                    0.0,
                    0.0,
                    0.0,
                    1.0
                ]
            ]
        },
        {
            "file_path": "./train/i_27",
            "rotation": 0.0,
            "transform_matrix": [
                [
                    -0.6259277076465656,
                    0.7729172773509144,
                    -0.10398743757184642,
                    -7.2084110855346015
                ],
                [
                    -0.2717997144465271,
                    -0.34117462910741814,
                    -0.8998470912772897,
                    -2.334562866946423
                ],
                [
                    -0.73098523926759,
                    -0.5349754712375644,
                    0.4236293487791422,
                    -16.36461464438843
                ],
                [
                    0.0,
                    0.0,
                    0.0,
                    1.0
                ]
            ]
        },
        {
            "file_path": "./train/i_28",
            "rotation": 0.0,
            "transform_matrix": [
                [
                    0.7123257549633907,
                    -0.1518028242642611,
                    -0.6852356684829171,
                    24.988843705106618
                ],
                [
                    -0.6430740145056918,
                    -0.53227542590447,
                    -0.550580314618803,
                    -17.21386075321343
                ],
                [
                    -0.2811544605432409,
                    0.8328497904926185,
                    -0.47677394621877994,
                    4.913398088334016
                ],
                [
                    0.0,
                    0.0,
                    0.0,
                    1.0
                ]
            ]
        },
        {
            "file_path": "./train/i_29",
            "rotation": 0.0,
            "transform_matrix": [
                [
                    -0.1968989543619043,
                    -0.44240409012829324,
                    -0.874933953398166,
                    2.879041432112322
                ],
                [
                    0.20892594250446672,
                    -0.8908394860704958,
                    0.40342900317932895,
                    -0.2557667931887374
                ],
                [
                    -0.9579043544737682,
                    -0.10336165195759349,
                    0.26783505480946274,
                    -0.42174071072650376
                ],
                [
                    0.0,
                    0.0,
                    0.0,
                    1.0
                ]
            ]
        },
        {
            "file_path": "./train/i_30",
            "rotation": 0.0,
            "transform_matrix": [
                [
                    -0.660848003601477,
                    0.3004643250714823,
                    0.6877507582658715,
                    -24.833580985482087
                ],
                [
                    0.7062165687790648,
                    -0.06123302048157094,
                    0.7053429486318122,
                    25.69170570749982
                ],
                [
                    0.254043449271698,
                    0.9518254601354327,
                    -0.17172716535276433,
                    7.13666749067034
                ],
                [
                    0.0,
                    0.0,
                    0.0,
                    1.0
                ]
            ]
        },
        {
            "file_path": "./train/i_31",
            "rotation": 0.0,
            "transform_matrix": [
                [
                    0.2841543050835519,
                    0.014947639167442973,
                    0.958662035852992,
                    -0.8009457223356095
                ],
                [
                    0.011095676563307936,
                    0.9997602382326393,
                    -0.018877288222052886,
                    0.016972053946236073
                ],
                [
                    -0.9587143562417777,
                    0.01600106659994621,
                    0.2839203215755751,
                    0.598496365283144
                ],
                [
                    0.0,
                    0.0,
                    0.0,
                    1.0
                ]
            ]
        },
        {
            "file_path": "./train/i_32",
            "rotation": 0.0,
            "transform_matrix": [
                [
                    -0.10329861368837157,
                    0.9208368160077101,
                    -0.37601722659318165,
                    -7.6291546977066576
                ],
                [
                    -0.6576155691761473,
                    0.22039695334305073,
                    0.7203936050064801,
                    -24.515536530818025
                ],
                [
                    0.7462380046521271,
                    0.3216904431932493,
                    0.5827899271357858,
                    26.4537036705692
                ],
                [
                    0.0,
                    0.0,
                    0.0,
                    1.0
                ]
            ]
        },
        {
            "file_path": "./train/i_33",
            "rotation": 0.0,
            "transform_matrix": [
                [
                    0.46086849395698126,
                    -0.6143911470905361,
                    -0.6404090486982512,
                    -2.1226808138475466
                ],
                [
                    -0.3849406319604173,
                    -0.7885887868191732,
                    0.4795293892651126,
                    -10.036264664157352
                ],
                [
                    -0.7996380063151921,
                    0.025519476480349478,
                    -0.5999398429646322,
                    -4.428509425944291
                ],
                [
                    0.0,
                    0.0,
                    0.0,
                    1.0
                ]
            ]
        },
        {
            "file_path": "./train/i_34",
            "rotation": 0.0,
            "transform_matrix": [
                [
                    0.42364930508068555,
                    -0.6311154842330116,
                    0.6497803566328991,
                    -2.688894100259626
                ],
                [
                    0.25423806379045427,
                    0.7713456629415613,
                    0.5834285519078737,
                    5.436309432451427
                ],
                [
                    -0.8694160530061149,
                    -0.08197020082058076,
                    0.48723363282177284,
                    -1.134435972734051
                ],
                [
                    0.0,
                    0.0,
                    0.0,
                    1.0
                ]
            ]
        },
        {
            "file_path": "./train/i_35",
            "rotation": 0.0,
            "transform_matrix": [
                [
                    -0.6280917411928402,
                    0.7708339020693475,
                    -0.10637603144450898,
                    -7.36922021324395
                ],
                [
                    -0.27255608830682176,
                    -0.34597939884456785,
                    -0.8977813956092167,
                    -1.8262826772607659
                ],
                [
                    -0.7288442517933609,
                    -0.5348956449586065,
                    0.4274022761194447,
                    -18.261616951246197
                ],
                [
                    0.0,
                    0.0,
                    0.0,
                    1.0
                ]
            ]
        },
        {
            "file_path": "./train/i_36",
            "rotation": 0.0,
            "transform_matrix": [
                [
                    1.0,
                    0.0,
                    0.0,
                    0.0
                ],
                [
                    0.0,
                    1.0,
                    0.0,
                    0.0
                ],
                [
                    0.0,
                    0.0,
                    1.0,
                    0.0
                ],
                [
                    0.0,
                    0.0,
                    0.0,
                    1.0
                ]
            ]
        },
        {
            "file_path": "./train/i_37",
            "rotation": 0.0,
            "transform_matrix": [
                [
                    -0.3840579120314846,
                    0.762882265875401,
                    0.5201059205765955,
                    -0.3774221777730452
                ],
                [
                    0.041432582488436606,
                    0.5769787491468814,
                    -0.815707584947719,
                    0.8680944777480528
                ],
                [
                    -0.9223789141748385,
                    -0.29172962044625217,
                    -0.2532014360937363,
                    2.8973042289918203
                ],
                [
                    0.0,
                    0.0,
                    0.0,
                    1.0
                ]
            ]
        },
        {
            "file_path": "./train/i_38",
            "rotation": 0.0,
            "transform_matrix": [
                [
                    -0.06727498542673561,
                    0.5932132838164984,
                    -0.8022294411447833,
                    3.8858924352414594
                ],
                [
                    -0.6270252178660982,
                    -0.6505691002371237,
                    -0.4284847978360794,
                    -10.07479948905993
                ],
                [
                    -0.7760885596990859,
                    0.474191781582406,
                    0.41572671526364696,
                    -6.15590193016828
                ],
                [
                    0.0,
                    0.0,
                    0.0,
                    1.0
                ]
            ]
        },
        {
            "file_path": "./train/i_39",
            "rotation": 0.0,
            "transform_matrix": [
                [
                    0.4742905431543376,
                    -0.29086030451939976,
                    -0.8309324665273635,
                    4.15692839531428
                ],
                [
                    0.6259630817990988,
                    -0.5522659452955632,
                    0.550611065899847,
                    -0.7478284606232799
                ],
                [
                    -0.6190466064028908,
                    -0.7812826690268198,
                    -0.0798667025698917,
                    4.0498759211811555
                ],
                [
                    0.0,
                    0.0,
                    0.0,
                    1.0
                ]
            ]
        },
        {
            "file_path": "./train/i_40",
            "rotation": 0.0,
            "transform_matrix": [
                [
                    -0.18692241252107228,
                    -0.4423971853863521,
                    -0.8771229914097187,
                    3.1527670470785774
                ],
                [
                    0.5271843225137299,
                    -0.7985770062906162,
                    0.29043321972469055,
                    1.9064000322229087
                ],
                [
                    -0.8289370915775449,
                    -0.40811701188034427,
                    0.3824968010595846,
                    -0.8853092131876727
                ],
                [
                    0.0,
                    0.0,
                    0.0,
                    1.0
                ]
            ]
        },
        {
            "file_path": "./train/i_41",
            "rotation": 0.0,
            "transform_matrix": [
                [
                    0.49399510012780523,
                    -0.01722806219273132,
                    -0.8692939864756936,
                    0.5150415323985665
                ],
                [
                    0.008027763421921113,
                    0.9998514309445046,
                    -0.015253558688642475,
                    0.015119761176860036
                ],
                [
                    0.8694276255469233,
                    0.0005566967841751958,
                    0.494060010549861,
                    -0.07175957932330224
                ],
                [
                    0.0,
                    0.0,
                    0.0,
                    1.0
                ]
            ]
        },
        {
            "file_path": "./train/i_42",
            "rotation": 0.0,
            "transform_matrix": [
                [
                    0.9979904670655361,
                    0.04151757207972281,
                    0.04786772247473447,
                    -1.841060792918887
                ],
                [
                    0.02110772786605816,
                    0.49446411643101873,
                    -0.868941713457481,
                    -0.5397165124465217
                ],
                [
                    -0.059745221320582756,
                    0.8682059253257236,
                    0.4925941328910192,
                    -4.98515456679051
                ],
                [
                    0.0,
                    0.0,
                    0.0,
                    1.0
                ]
            ]
        },
        {
            "file_path": "./train/i_43",
            "rotation": 0.0,
            "transform_matrix": [
                [
                    0.6479267518199079,
                    0.6838081425490209,
                    -0.335555283760749,
                    5.797106693244868
                ],
                [
                    0.5818952508051285,
                    -0.1600887179042064,
                    0.7973515658040823,
                    0.572634376395001
                ],
                [
                    0.491516878007804,
                    -0.711883436092902,
                    -0.5016304736058416,
                    4.515071062595074
                ],
                [
                    0.0,
                    0.0,
                    0.0,
                    1.0
                ]
            ]
        },
        {
            "file_path": "./train/i_44",
            "rotation": 0.0,
            "transform_matrix": [
                [
                    0.44057934541374655,
                    -0.35755419113136666,
                    0.8234347823593452,
                    0.24995905803179194
                ],
                [
                    -0.46280659071568186,
                    -0.8764338648997295,
                    -0.13294261937784668,
                    -9.968110046202948
                ],
                [
                    0.769220319534604,
                    -0.3225192720773581,
                    -0.5516170946895799,
                    5.8354848827803965
                ],
                [
                    0.0,
                    0.0,
                    0.0,
                    1.0
                ]
            ]
        },
        {
            "file_path": "./train/i_45",
            "rotation": 0.0,
            "transform_matrix": [
                [
                    -0.6292072417449979,
                    0.7701492097314498,
                    -0.10473032839472794,
                    -7.517772118872698
                ],
                [
                    -0.3090550068037867,
                    -0.3715478457065876,
                    -0.8754639919038941,
                    -2.664461608664176
                ],
                [
                    -0.7131502294083312,
                    -0.5184808512383144,
                    0.4717990644268258,
                    -21.445105141097635
                ],
                [
                    0.0,
                    0.0,
                    0.0,
                    1.0
                ]
            ]
        },
        {
            "file_path": "./train/i_46",
            "rotation": 0.0,
            "transform_matrix": [
