{
    "camera_angle_x": 17.68997899257198,
    "frames": [
        {
            "file_path": "./train/i_0",
            "rotation": 0.0,
            "transform_matrix": [
                [
                    -0.8927903571842681,
                    -0.09043595428195787,
                    0.44130116280370174,
                    -1.1523729847934525
                ],
                [
                    -0.448553999978639,
                    0.268785297446476,
                    -0.8523812368768904,
                    2.562081346808078
                ],
                [
                    -0.041529353738673114,
                    -0.9589451506993133,
                    -0.28053433074817646,
                    -0.2973122184320359
                ],
                [
                    0.0,
                    0.0,
                    0.0,
                    1.0
                ]
            ]
        },
        {
            "file_path": "./train/i_1",
            "rotation": 0.0,
            "transform_matrix": [
                [
                    0.0653281123470223,
                    -0.028843057853868367,
                    -0.9974468987123137,
                    1.0046461896251142
                ],
                [
                    -0.6372976304160148,
                    -0.7703719307898256,
                    -0.019463260705512138,
                    0.057819082758643586
                ],
                [
                    -0.7678437132667741,
                    0.6369420430971694,
                    -0.06870855646785319,
                    0.08852754644725949
                ],
                [
                    0.0,
                    0.0,
                    0.0,
                    1.0
                ]
            ]
        },
        {
            "file_path": "./train/i_2",
            "rotation": 0.0,
            "transform_matrix": [
                [
                    -0.25920926552323575,
                    -0.2880400375154656,
                    0.9218695642307533,
                    -0.6657318450921214
                ],
                [
                    -0.07386626180664782,
                    0.9576096816198797,
                    0.27843755679612103,
                    1.6336831549316118
                ],
                [
                    -0.9629923842033343,
                    0.0040785360081577815,
                    -0.2694977430525411,
                    0.09558630843588879
                ],
                [
                    0.0,
                    0.0,
                    0.0,
                    1.0
                ]
            ]
        },
        {
            "file_path": "./train/i_3",
            "rotation": 0.0,
            "transform_matrix": [
                [
                    -0.3642067548316535,
                    0.4274544091541611,
                    -0.8274274396161053,
                    2.0906957412695935
                ],
                [
                    0.38478236012965833,
                    -0.7400080382920977,
                    -0.5516617066610042,
                    1.0886402792483658
                ],
                [
                    -0.8481131852931234,
                    -0.5192984029994197,
                    0.10503900977353628,
                    -0.5695213108987633
                ],
                [
                    0.0,
                    0.0,
                    0.0,
                    1.0
                ]
            ]
        },
        {
            "file_path": "./train/i_4",
            "rotation": 0.0,
            "transform_matrix": [
                [
                    -0.19195894254209028,
                    -0.2483243818178223,
                    -0.9494665690654508,
                    -0.9062773138251309
                ],
                [
                    -0.5504692399263796,
                    -0.7736990223042293,
                    0.3136454029319675,
                    -0.08863540861012477
                ],
                [
                    -0.8124871569895722,
                    0.5828591804889741,
                    0.011823512452923492,
                    0.0959273705032933
                ],
                [
                    0.0,
                    0.0,
                    0.0,
                    1.0
                ]
            ]
        },
        {
            "file_path": "./train/i_5",
            "rotation": 0.0,
            "transform_matrix": [
                [
                    -0.2913325444743755,
                    0.45364408372838516,
                    -0.8422187327697723,
                    0.9166159526921952
                ],
                [
                    -0.4058476029759984,
                    -0.8558619765004966,
                    -0.3206056773347989,
                    0.47613614786090663
                ],
                [
                    -0.8662638580067447,
                    0.24840958612521824,
                    0.43345081131816493,
                    -0.5017830404718184
                ],
                [
                    0.0,
                    0.0,
                    0.0,
                    1.0
                ]
            ]
        },
        {
            "file_path": "./train/i_6",
            "rotation": 0.0,
            "transform_matrix": [
                [
                    -0.24382133517119126,
                    0.5978818294631326,
                    -0.7636023012754454,
                    1.111455021687601
                ],
                [
                    0.12872862621050646,
                    0.8003496351829816,
                    0.5855505121306154,
                    -0.7669265221917743
                ],
                [
                    0.9612388346864129,
                    0.04447223246349169,
                    -0.27210682319710516,
                    0.4209482605016707
                ],
                [
                    0.0,
                    0.0,
                    0.0,
                    1.0
                ]
            ]
        },
        {
            "file_path": "./train/i_7",
            "rotation": 0.0,
            "transform_matrix": [
                [
                    0.08668302954235528,
                    0.7040038457037868,
                    -0.7048862586429393,
                    1.1080192732467287
                ],
                [
                    0.5232794305894968,
                    -0.6342599554784479,
                    -0.5691159340577427,
                    -1.1802786040093256
                ],
                [
                    -0.8477409332521927,
                    -0.3195197867280841,
                    -0.4233703059709645,
                    -0.05726225100551165
                ],
                [
                    0.0,
                    0.0,
                    0.0,
                    1.0
                ]
            ]
        },
        {
            "file_path": "./train/i_8",
            "rotation": 0.0,
            "transform_matrix": [
                [
                    0.46556501998780286,
                    -0.8255487109932832,
                    0.31893343810439406,
                    -1.8090221463110592
                ],
                [
                    -0.1455916643656148,
                    0.28401843497783125,
                    0.9477006889625023,
                    0.553782053577994
                ],
                [
                    -0.8729560581329463,
                    -0.4876503402747481,
                    0.012036037508958423,
                    -1.073431656962704
                ],
                [
                    0.0,
                    0.0,
                    0.0,
                    1.0
                ]
            ]
        },
        {
            "file_path": "./train/i_9",
            "rotation": 0.0,
            "transform_matrix": [
                [
                    0.7274980421469225,
                    0.35914022743918217,
                    0.5846066162021494,
                    -0.5526935388131297
                ],
                [
                    0.17796610570420887,
                    -0.9216722256796699,
                    0.3447439247197323,
                    0.18290267133272317
                ],
                [
                    0.6626270926342167,
                    -0.14676036742123935,
                    -0.7344295273622311,
                    -0.7160560893044482
                ],
                [
                    0.0,
                    0.0,
                    0.0,
                    1.0
                ]
            ]
        },
        {
            "file_path": "./train/i_10",
            "rotation": 0.0,
            "transform_matrix": [
                [
                    -0.4029035961974664,
                    -0.6561597532734521,
                    -0.6380619643539889,
                    -0.779035269406326
                ],
                [
                    -0.3334590920487022,
                    -0.5439928715961475,
                    0.769984928152906,
                    0.9511758272241011
                ],
                [
                    -0.8523342807262918,
                    0.5229972598749453,
                    0.00037424870640767903,
                    -0.01460783059661816
                ],
                [
                    0.0,
                    0.0,
                    0.0,
                    1.0
                ]
            ]
        },
        {
            "file_path": "./train/i_11",
            "rotation": 0.0,
            "transform_matrix": [
                [
                    0.9179411966894658,
                    0.3314437621843675,
                    0.21801144907869408,
                    1.0333328867313658
                ],
                [
                    0.31039445165558954,
                    -0.942271424666137,
                    0.1256178595546261,
                    0.8647860119848061
                ],
                [
                    0.2470612146852427,
                    -0.04764026413372117,
                    -0.9678280639821976,
                    -4.141388210996985
                ],
                [
                    0.0,
                    0.0,
                    0.0,
                    1.0
                ]
            ]
        },
        {
            "file_path": "./train/i_12",
            "rotation": 0.0,
            "transform_matrix": [
                [
                    0.17916523547513702,
                    -0.9521081024170933,
                    0.24777001374029511,
                    -1.7778090093168004
                ],
                [
                    -0.09916313659742951,
                    0.23308583395300006,
                    0.9673870302782656,
                    0.312213790998005
                ],
                [
                    -0.9788087099823461,
                    -0.19789177679267458,
                    -0.05265314748939715,
                    -0.053912757317063416
                ],
                [
                    0.0,
                    0.0,
                    0.0,
                    1.0
                ]
            ]
        },
        {
            "file_path": "./train/i_13",
            "rotation": 0.0,
            "transform_matrix": [
                [
                    -0.36037891388259435,
                    0.4198411174454381,
                    -0.8329828776937548,
                    1.0050297924160507
                ],
                [
                    0.34069362004767306,
                    -0.7720530216197689,
                    -0.5365277150964313,
                    0.6578723590681138
                ],
                [
                    -0.868363343127527,
                    -0.47714522727357384,
                    0.1351944392437609,
                    -0.1811708591003387
                ],
                [
                    0.0,
                    0.0,
                    0.0,
                    1.0
                ]
            ]
        },
        {
            "file_path": "./train/i_14",
            "rotation": 0.0,
            "transform_matrix": [
                [
                    0.4210773066965219,
                    -0.1087922981664529,
                    -0.9004766169339811,
                    -0.22003044905043775
                ],
                [
                    0.4762144688701377,
                    -0.8184229463172946,
                    0.3215643956971279,
                    -1.4693455292385182
                ],
                [
                    -0.7719544555373344,
                    -0.5642234635328341,
                    -0.2928108634854202,
                    -0.12853723657173338
                ],
                [
                    0.0,
                    0.0,
                    0.0,
                    1.0
                ]
            ]
        },
        {
            "file_path": "./train/i_15",
            "rotation": 0.0,
            "transform_matrix": [
                [
                    0.9317869588989485,
                    0.3470907495986211,
                    0.10630651329492743,
                    -0.3523756208994831
                ],
                [
                    0.30843657281986564,
                    -0.9114277736035826,
                    0.2723348931943232,
                    -1.1986832440195017
                ],
                [
                    0.19141563095263364,
                    -0.22096928530249055,
                    -0.956311994685792,
                    2.8212268997447687
                ],
                [
                    0.0,
                    0.0,
                    0.0,
                    1.0
                ]
            ]
        },
        {
            "file_path": "./train/i_16",
            "rotation": 0.0,
            "transform_matrix": [
                [
                    -0.35730762017578743,
                    0.41035607146724984,
                    -0.8390108218457512,
                    0.10019846647571011
                ],
                [
                    0.2981358682163562,
                    -0.8012045462120282,
                    -0.5188316482367453,
                    0.24353084393056165
                ],
                [
                    -0.8851250017072135,
                    -0.43552172131725314,
                    0.16393462603629982,
                    -0.03185753861411752
                ],
                [
                    0.0,
                    0.0,
                    0.0,
                    1.0
                ]
            ]
        },
        {
            "file_path": "./train/i_17",
            "rotation": 0.0,
            "transform_matrix": [
                [
                    0.2118107551556515,
                    -0.9765248953181564,
                    0.03918332329265377,
                    -3.4667734197050653
                ],
                [
                    -0.08117641296041575,
                    0.022375393424718282,
                    0.9964485595092061,
                    0.053000563056258936
                ],
                [
                    -0.9739335675390143,
                    -0.21423928349617283,
                    -0.07453143919028027,
                    -1.1072556919533603
                ],
                [
                    0.0,
                    0.0,
                    0.0,
                    1.0
                ]
            ]
        },
        {
            "file_path": "./train/i_18",
            "rotation": 0.0,
            "transform_matrix": [
                [
                    0.7838717721339084,
                    -0.18586659112304454,
                    -0.5924513947624335,
                    -0.5990812575064228
                ],
                [
                    0.6097810580668993,
                    0.050492444765567746,
                    0.7909599068501635,
                    -0.6275046857912006
                ],
                [
                    -0.11709870227491326,
                    -0.9812767822209506,
                    0.15291752875205578,
                    -0.9525150246813507
                ],
                [
                    0.0,
                    0.0,
                    0.0,
                    1.0
                ]
            ]
        },
        {
            "file_path": "./train/i_19",
            "rotation": 0.0,
            "transform_matrix": [
                [
                    0.3397907853701467,
                    0.5092249406557903,
                    -0.7907162461917968,
                    0.871449831906294
                ],
                [
                    0.3945340638990088,
                    0.6860112904749144,
                    0.6113357357167007,
                    1.2979459645043308
                ],
                [
                    0.8537476761906139,
                    -0.5196907437650319,
                    0.03219372988759742,
                    0.3012278523003981
                ],
                [
                    0.0,
                    0.0,
                    0.0,
                    1.0
                ]
            ]
        },
        {
            "file_path": "./train/i_20",
            "rotation": 0.0,
            "transform_matrix": [
                [
                    0.9012601547588838,
                    -0.24742633927485144,
                    -0.3556829206991066,
                    0.08857061193244316
                ],
                [
                    0.3561725545473342,
                    -0.044369880798324046,
                    0.9333661795164746,
                    -0.04697117714252765
                ],
                [
                    -0.2467209857941312,
                    -0.9678902418719781,
                    0.048137665686888556,
                    -1.6740997249407503
                ],
                [
                    0.0,
                    0.0,
                    0.0,
                    1.0
                ]
            ]
        },
        {
            "file_path": "./train/i_21",
            "rotation": 0.0,
            "transform_matrix": [
                [
                    -0.9604120575467049,
                    -0.04554455476545508,
                    -0.2748351746958907,
                    -0.9807092907608526
                ],
                [
                    -0.17797765795974177,
                    -0.6586554845262627,
                    0.7310929530303534,
                    -0.07412625216320937
                ],
                [
                    -0.21431899819211175,
                    0.7510650079951086,
                    0.6244747559183145,
                    -0.053885665606299656
                ],
                [
                    0.0,
                    0.0,
                    0.0,
                    1.0
                ]
            ]
        },
        {
            "file_path": "./train/i_22",
            "rotation": 0.0,
            "transform_matrix": [
                [
                    0.44636552793029177,
                    0.5923830071766925,
                    0.6707012660520415,
                    0.6563299106964723
                ],
                [
                    0.5101706076162009,
                    -0.7842351973620347,
                    0.35313043814297645,
                    0.33375241638203135
                ],
                [
                    0.7351760106260492,
                    0.1845468179807804,
                    -0.6522719566048658,
                    -0.7394063083232277
                ],
                [
                    0.0,
                    0.0,
                    0.0,
                    1.0
                ]
            ]
        },
        {
            "file_path": "./train/i_23",
            "rotation": 0.0,
            "transform_matrix": [
                [
                    -0.6007816776012614,
                    0.6509489133803668,
                    0.46403328331870186,
                    -0.3715303522358983
                ],
                [
                    -0.0931976619295618,
                    -0.633542185378189,
                    0.7680745375008188,
                    0.274336798389129
                ],
                [
                    0.7939619459832311,
                    0.418198292099754,
                    0.44128745372531736,
                    0.8649646288060101
                ],
                [
                    0.0,
                    0.0,
                    0.0,
                    1.0
                ]
            ]
        },
        {
            "file_path": "./train/i_24",
            "rotation": 0.0,
            "transform_matrix": [
                [
                    0.2811512963785779,
                    -0.9345647332669871,
                    -0.21804290375578897,
                    -2.4874649805668767
                ],
                [
                    -0.013701761512529807,
                    -0.23109371737431314,
                    0.9728350094037441,
                    -0.6894805584002648
                ],
                [
                    -0.9595656362522081,
                    -0.27052625218956694,
                    -0.07777748131797767,
                    -0.016604243250595688
                ],
                [
                    0.0,
                    0.0,
                    0.0,
                    1.0
                ]
            ]
        },
        {
            "file_path": "./train/i_25",
            "rotation": 0.0,
            "transform_matrix": [
                [
                    0.8956293929207633,
                    0.4008154345952325,
                    -0.1928599956616768,
                    0.21596811692630186
                ],
                [
                    0.4374177107874796,
                    -0.7149925037695287,
                    0.5453911127281241,
                    -0.6113637798378859
                ],
                [
                    0.08070772469737744,
                    -0.5728286890018822,
                    -0.8156920719429341,
                    0.9249523716090895
                ],
                [
                    0.0,
                    0.0,
                    0.0,
                    1.0
                ]
            ]
        },
        {
            "file_path": "./train/i_26",
            "rotation": 0.0,
            "transform_matrix": [
                [
                    0.08300824840993043,
                    -0.17347613366512246,
                    0.9813336138869999,
                    -0.8207528719677343
                ],
                [
                    -0.19523145611504572,
                    0.9628194573138625,
                    0.18671735634655426,
                    1.492203010944498
                ],
                [
                    -0.9772381026337033,
                    -0.2070862710718594,
                    0.046053958509974104,
                    0.49428988017124786
                ],
                [
                    0.0,
                    0.0,
                    0.0,
                    1.0
                ]
            ]
        },
        {
            "file_path": "./train/i_27",
            "rotation": 0.0,
            "transform_matrix": [
                [
                    0.928537407530208,
                    -0.011232053550390439,
                    -0.3710688935900227,
                    0.34009525926792306
                ],
                [
                    0.3709656189164785,
                    -0.010269114692820073,
                    0.9285898205695234,
                    0.0323881108907094
                ],
                [
                    -0.014240519618198375,
                    -0.9998841864218412,
                    -0.005368551437477821,
                    -0.2689881281842001
                ],
                [
                    0.0,
                    0.0,
                    0.0,
                    1.0
                ]
            ]
        },
        {
            "file_path": "./train/i_28",
            "rotation": 0.0,
            "transform_matrix": [
                [
                    -0.3091987807028743,
                    0.9234365135724291,
                    -0.22729082562447006,
                    -0.3404300540112931
                ],
                [
                    0.1335109675506681,
                    -0.19448500264798602,
                    -0.9717769318566374,
                    -0.5049254400806423
                ],
                [
                    -0.9415789587472432,
                    -0.3308180604897652,
                    -0.06315437671491858,
                    0.2286258071927797
                ],
                [
                    0.0,
                    0.0,
                    0.0,
                    1.0
                ]
            ]
        },
        {
            "file_path": "./train/i_29",
            "rotation": 0.0,
            "transform_matrix": [
                [
                    -0.15704309958113638,
                    0.3883234711452142,
                    -0.9080431413934493,
                    0.860265473960573
                ],
                [
                    -0.41291904754317166,
                    0.8094100926744031,
                    0.41755617831958974,
                    1.105698004092868
                ],
                [
                    0.89712614779082,
                    0.44052262556485405,
                    0.033233888058095774,
                    0.21321563548329314
                ],
                [
                    0.0,
                    0.0,
                    0.0,
                    1.0
                ]
            ]
        },
        {
            "file_path": "./train/i_30",
            "rotation": 0.0,
            "transform_matrix": [
                [
                    -0.8446040877886252,
                    -0.1088050531999937,
                    0.5242188429357465,
                    -4.297893012346334
                ],
                [
                    -0.5331113384659983,
                    0.080646802567558,
                    -0.8421926110069042,
                    3.7459903522885183
                ],
                [
                    0.049358238316813415,
                    -0.9907863309683789,
                    -0.12611982665895427,
                    -0.12275988619187593
                ],
                [
                    0.0,
                    0.0,
                    0.0,
                    1.0
                ]
            ]
        },
        {
            "file_path": "./train/i_31",
            "rotation": 0.0,
            "transform_matrix": [
                [
                    0.2056787936571231,
                    -0.9189965062525706,
                    0.3363653598920675,
                    -0.08995604486049098
                ],
                [
                    -0.005484134915609762,
                    0.3426263336962948,
                    0.9394557571924634,
                    0.7674600141442148
                ],
                [
                    -0.9786041886809895,
                    -0.19507079984817205,
                    0.06543107016255274,
                    0.015518828362126535
                ],
                [
                    0.0,
                    0.0,
                    0.0,
                    1.0
                ]
            ]
        },
        {
            "file_path": "./train/i_32",
            "rotation": 0.0,
            "transform_matrix": [
                [
                    0.6936897725538165,
                    -0.6253680913663086,
                    0.35736430957092324,
                    -0.9307822127307793
                ],
                [
                    0.4452953077586408,
                    0.7623248442893357,
                    0.4696519143657226,
                    0.48301554771864724
                ],
                [
                    -0.5661330129416402,
                    -0.16666007944348316,
                    0.8072904245545828,
                    -0.23795662384886698
                ],
                [
                    0.0,
                    0.0,
                    0.0,
                    1.0
                ]
            ]
        },
        {
            "file_path": "./train/i_33",
            "rotation": 0.0,
            "transform_matrix": [
                [
                    -0.21369425458989816,
                    0.5257147974443375,
                    -0.8233824854241968,
                    2.040673793777807
                ],
                [
                    0.4385750237182313,
                    0.8047661385105089,
                    0.4000042635740776,
                    -0.6419006301348543
                ],
                [
                    0.8729185037137315,
                    -0.2756363801368494,
                    -0.40253927984637006,
                    0.46308732024033883
                ],
                [
                    0.0,
                    0.0,
                    0.0,
                    1.0
                ]
            ]
        },
        {
            "file_path": "./train/i_34",
            "rotation": 0.0,
            "transform_matrix": [
                [
                    0.4941030360348246,
                    -0.19654335012814372,
                    -0.8468960392525015,
                    -1.5099372954605774
                ],
                [
                    -0.5130437797142378,
                    -0.8523380760435044,
                    -0.10151790099774693,
                    -13.869327313719884
                ],
                [
                    -0.7018890723452649,
                    0.4846550480979903,
                    -0.5219781743286186,
                    3.950327303311294
                ],
                [
                    0.0,
                    0.0,
                    0.0,
                    1.0
                ]
            ]
        },
        {
            "file_path": "./train/i_35",
            "rotation": 0.0,
            "transform_matrix": [
                [
                    0.3889318317263249,
                    -0.23291064905658598,
                    0.8913386897392337,
                    -1.4523708237960093
                ],
                [
                    0.49053504990088886,
                    0.8713147764229948,
                    0.01363543932880821,
                    1.2887795658060592
                ],
                [
                    -0.7798124101915443,
                    0.43192961225527915,
                    0.4531328888618273,
                    1.1634811362572135
                ],
                [
                    0.0,
                    0.0,
                    0.0,
                    1.0
                ]
            ]
        },
        {
            "file_path": "./train/i_36",
            "rotation": 0.0,
            "transform_matrix": [
                [
                    0.2733318864796342,
                    -0.896596575815113,
                    -0.34843114107395573,
                    -1.6485360089612993
                ],
                [
                    -0.4479921939740848,
                    -0.43919631573425405,
                    0.7787230511444658,
                    -2.775661849500464
                ],
                [
                    -0.8512300946111865,
                    -0.056755409275878535,
                    -0.5217146246236133,
                    -3.379626374774993
                ],
                [
                    0.0,
                    0.0,
                    0.0,
                    1.0
                ]
            ]
        },
        {
            "file_path": "./train/i_37",
            "rotation": 0.0,
            "transform_matrix": [
                [
                    0.18684421944558205,
                    0.9731037577706495,
                    -0.13475278947917915,
                    1.1138041442642233
                ],
                [
                    0.9630896192671398,
                    -0.20849796298737389,
                    -0.1702556451046548,
                    -0.6788183114208389
                ],
                [
                    -0.19377209014627916,
                    -0.09796772959890317,
                    -0.976142766729122,
                    0.22163099843324385
                ],
                [
                    0.0,
                    0.0,
                    0.0,
                    1.0
                ]
            ]
        },
        {
            "file_path": "./train/i_38",
            "rotation": 0.0,
            "transform_matrix": [
                [
                    0.8924978649146222,
                    0.40896843542227235,
                    -0.1902429498065604,
                    0.18340475764084796
                ],
                [
                    0.44285289376595954,
                    -0.7144659540957798,
                    0.5416823007272096,
                    -0.47206479274548097
                ],
                [
                    0.08560885238080372,
                    -0.5676999377014813,
                    -0.8187721936703612,
                    0.7602691399886321
                ],
                [
                    0.0,
                    0.0,
                    0.0,
                    1.0
                ]
            ]
        },
        {
            "file_path": "./train/i_39",
            "rotation": 0.0,
            "transform_matrix": [
                [
                    -0.6530075669308594,
                    0.16868135288261882,
                    -0.7383276499771142,
                    -2.6161735684937137
                ],
                [
                    -0.5377399197673642,
                    -0.7897537481233986,
                    0.295169097321578,
                    0.9063859963707984
                ],
                [
                    -0.533307506247222,
                    0.5897759053358612,
                    0.6064218707019361,
                    2.264302424698389
                ],
                [
                    0.0,
                    0.0,
                    0.0,
                    1.0
                ]
            ]
        },
        {
            "file_path": "./train/i_40",
            "rotation": 0.0,
            "transform_matrix": [
                [
                    0.4226131172836684,
                    0.010961191035506475,
                    0.9062438995054644,
                    -1.0956593077273842
                ],
                [
                    0.22899045617654806,
                    0.9661923387136037,
                    -0.11847250985441121,
                    1.0339893839043106
                ],
                [
                    -0.876904512521086,
                    0.25758924065696215,
                    0.40581554802389375,
                    -0.44612193541987505
                ],
                [
                    0.0,
                    0.0,
                    0.0,
                    1.0
                ]
            ]
        },
        {
            "file_path": "./train/i_41",
            "rotation": 0.0,
            "transform_matrix": [
                [
                    0.27580054268914644,
                    -0.02088779040862926,
                    0.9609879088023041,
                    -0.5142256928098959
                ],
                [
                    0.5656677401742192,
                    0.8118387885630176,
                    -0.14469896029596938,
                    0.7223358903531472
                ],
                [
                    -0.7771448181507559,
                    0.5835079104831286,
                    0.23572112765946063,
                    0.9611389685110975
                ],
                [
                    0.0,
                    0.0,
                    0.0,
                    1.0
                ]
            ]
        },
        {
            "file_path": "./train/i_42",
            "rotation": 0.0,
            "transform_matrix": [
                [
                    0.4897945198020558,
                    -0.6025854466564206,
                    -0.6300730972274211,
                    -107.63154871001538
                ],
                [
                    0.6024977168582365,
                    0.7563043994079194,
                    -0.25495128283035134,
                    -49.892061314553814
                ],
                [
                    0.6301569880216272,
                    -0.254743861386509,
                    0.733490105954677,
                    119.1402479673229
                ],
                [
                    0.0,
                    0.0,
                    0.0,
                    1.0
                ]
            ]
        },
        {
            "file_path": "./train/i_43",
            "rotation": 0.0,
            "transform_matrix": [
                [
                    1.0,
                    0.0,
                    0.0,
                    0.0
                ],
                [
                    0.0,
                    1.0,
                    0.0,
                    0.0
                ],
                [
                    0.0,
                    0.0,
                    1.0,
                    0.0
                ],
                [
                    0.0,
                    0.0,
                    0.0,
                    1.0
                ]
            ]
        },
        {
            "file_path": "./train/i_44",
            "rotation": 0.0,
            "transform_matrix": [
                [
                    0.3327223515199233,
                    0.8937673010218082,
                    -0.30079203517255015,
                    -0.3764250332308063
                ],
                [
                    0.8332078922927345,
                    -0.42800501680993797,
                    -0.350109002750037,
                    -0.3325038093221958
                ],
                [
                    -0.44165647852165996,
                    -0.1341332069612746,
                    -0.8871008047398744,
                    -0.9550628608337115
                ],
                [
                    0.0,
                    0.0,
                    0.0,
                    1.0
                ]
            ]
        },
        {
            "file_path": "./train/i_45",
            "rotation": 0.0,
            "transform_matrix": [
                [
                    -0.42443150115199335,
                    0.5264953761529426,
                    0.7366549529592817,
                    0.19419107191866514
                ],
                [
                    0.1434905960089655,
                    0.8423989562281021,
                    -0.5193981588365559,
                    0.4615661014159425
                ],
                [
                    -0.894018092482956,
                    -0.11474588199749601,
                    -0.43308778888091387,
                    0.9800600529274647
                ],
                [
                    0.0,
                    0.0,
                    0.0,
                    1.0
                ]
            ]
        },
        {
